6428 1.5790328979492188 6156
6610 1.613558292388916 6194
4374 2.6926214694976807 3796
104 26.587850332260132 64
6922 1.2992980480194092 6922
2685111 13.014905214309692 2520135
9531633 18.253827571868896 7763962
5258 3.423990249633789 5166
96858 18.54314923286438 90998
123836 21.74238896369934 115534
164162 22.61664867401123 152002
160264 22.440364599227905 149036
22292828 22.472591400146484 21052466
1294015153 22.732383251190186 1185996137
574223346 36.00917363166809 498896643
48720216 59.34013795852661 44759294
248288 8.856492519378662 240516
8994402 35.61897921562195 8133398
49302 11.412707567214966 48816
284826 22.94603419303894 273038
