6724 2.0049960613250732 6156
6666 2.0044775009155273 6194
4378 3.2564690113067627 3796
64 273.21721363067627 64
6926 1.9148900508880615 6922
3013709 45.25331902503967 2520135
9432954 105.9634382724762 7763962
5228 4.064754009246826 5166
92424 150.0968210697174 90998
117116 217.47318077087402 115534
154106 293.62321043014526 152002
151002 306.29597902297974 149036
21757970 202.30853486061096 21052466
1212906623 368.28718876838684 1185996137
511511720 936.0499887466431 498896643
44987524 1577.5226261615753 44759294
245976 16.21180510520935 240516
8320706 924.120165348053 8133398
49298 34.565805435180664 48816
275080 338.91669845581055 273038
