6802 4.668186902999878 6156
6682 4.832748174667358 6194
5416 5.436943292617798 3796
144 28.739819049835205 64
6934 4.229538440704346 6922
3082035 13.68698000907898 2520135
9636780 18.82447600364685 7763962
5256 6.085853815078735 5166
100492 19.277190923690796 90998
128680 21.855947017669678 115534
168432 23.89857029914856 152002
166054 25.197625637054443 149036
22620144 24.90384817123413 21052466
1474626582 25.076612949371338 1185996137
582202312 39.892282485961914 498896643
49895772 64.51247906684875 44759294
259460 9.553267240524292 240516
9388054 38.47062039375305 8133398
50992 10.897240400314331 48816
288598 22.843340158462524 273038
