6878 5.708458662033081 6156
6918 5.679863214492798 6194
5496 6.258751392364502 3796
170 22.409176349639893 64
7106 5.062037467956543 6922
3086900 14.124645233154297 2520135
9785619 16.275923252105713 7763962
5258 7.130091905593872 5166
98592 15.825174331665039 90998
127210 16.894882202148438 115534
168030 18.38303279876709 152002
164018 17.86871838569641 149036
23202536 18.31061053276062 21052466
1467627923 18.380241870880127 1185996137
606998457 25.263144493103027 498896643
49708242 37.201921224594116 44759294
247892 9.82817530632019 240516
9415020 24.293949365615845 8133398
50092 11.650471448898315 48816
288504 17.933015823364258 273038
