7140 4.558523893356323 6156
7278 4.510792255401611 6194
6624 5.234978914260864 3796
198 27.807353258132935 64
6938 4.2459681034088135 6922
3092355 14.38404130935669 2520135
9748520 19.069093465805054 7763962
5338 6.212609767913818 5166
101284 19.04781174659729 90998
130340 21.734045267105103 115534
171506 23.649969816207886 152002
167510 25.111271619796753 149036
23055766 24.95439910888672 21052466
1519526483 25.109836101531982 1185996137
610497203 40.26330065727234 498896643
51140576 63.47138166427612 44759294
270292 9.405571937561035 240516
9523768 36.29951572418213 8133398
51322 11.916496753692627 48816
292406 24.88898539543152 273038
