7126 4.695809602737427 6156
6854 4.696882009506226 6194
6596 5.646602630615234 3796
122 100.88535332679749 64
6944 4.190909147262573 6922
3021338 26.966702699661255 2520135
9733433 46.99704122543335 7763962
5344 6.742352724075317 5166
98816 44.990132570266724 90998
126774 54.97190189361572 115534
167330 67.25886249542236 152002
163698 68.22344255447388 149036
23058986 77.37371945381165 21052466
1406411030 71.58901929855347 1185996137
604787441 154.37598085403442 498896643
48899728 437.79430198669434 44759294
250114 12.520052909851074 240516
9341026 158.34255933761597 8133398
49170 17.910614490509033 48816
286802 66.38864254951477 273038
