6890 5.930316209793091 6156
6788 5.893447399139404 6194
6760 6.449452877044678 3796
192 20.82536005973816 64
6948 5.191129446029663 6922
3114899 14.046875 2520135
9820192 16.46881937980652 7763962
5346 7.31965446472168 5166
100144 16.644545555114746 90998
128098 17.474682569503784 115534
169456 18.637417554855347 152002
165620 18.573999404907227 149036
23246764 18.796260356903076 21052466
1509118098 19.077983856201172 1185996137
612722637 24.67916774749756 498896643
49845632 36.47390532493591 44759294
253076 10.429531335830688 240516
9348502 24.763652801513672 8133398
50926 11.91187596321106 48816
290268 18.41507840156555 273038
