12138 7.152557373046875e-05 6156
13280 5.793571472167969e-05 6194
20414 6.461143493652344e-05 3796
154 0.0002834796905517578 64
7512 5.1975250244140625e-05 6922
3218450 0.00017786026000976562 2520135
10037083 0.00023746490478515625 7763962
6348 7.462501525878906e-05 5166
105828 0.0002675056457519531 90998
131450 0.0003781318664550781 115534
172116 0.0003745555877685547 152002
170472 0.000377655029296875 149036
23936546 0.0003209114074707031 21052466
1574846615 0.00040912628173828125 1185996137
623469733 0.00048613548278808594 498896643
98685678 0.0014908313751220703 44759294
312934 0.00011515617370605469 240516
9527466 0.0004832744598388672 8133398
54670 0.0001430511474609375 48816
293152 0.00032901763916015625 273038
