6980 2.3913538455963135 6156
7408 2.328993082046509 6194
5334 3.6238009929656982 3796
152 308.05396366119385 64
7054 1.926239013671875 6922
3056446 27.77816414833069 2520135
9609494 59.40251183509827 7763962
5408 5.1378490924835205 5166
99980 60.63249135017395 90998
126136 82.92439341545105 115534
167186 116.93766641616821 152002
162980 116.81532430648804 149036
22518484 123.1120057106018 21052466
1462137390 129.6522777080536 1185996137
599411314 535.0721201896667 498896643
50395560 4053.3327770233154 44759294
260566 11.730761528015137 240516
9169366 526.7986345291138 8133398
50354 17.475287675857544 48816
287476 114.94583892822266 273038
