6456 5.324325323104858 6156
6742 5.238748073577881 6194
5238 5.840866327285767 3796
98 59.34608483314514 64
6922 4.447234153747559 6922
3043180 19.216641426086426 2520135
9547423 26.837857723236084 7763962
5264 7.144906044006348 5166
94486 28.528123140335083 90998
120792 34.67756175994873 115534
161208 32.19466853141785 152002
157370 32.24171733856201 149036
22370186 33.07687330245972 21052466
1273972590 34.25836491584778 1185996137
544843315 75.70421361923218 498896643
49180730 137.3348150253296 44759294
251164 10.65788722038269 240516
8707874 73.11562204360962 8133398
49952 13.920483350753784 48816
280364 34.88209652900696 273038
