6612 4.620501279830933 6156
6996 4.619018316268921 6194
5740 5.179389238357544 3796
134 26.804616689682007 64
6944 3.974216938018799 6922
3062380 13.054766654968262 2520135
9624352 17.709961652755737 7763962
5262 5.878939867019653 5166
100662 17.434383630752563 90998
127262 19.254320859909058 115534
170008 21.66758966445923 152002
163574 21.823554277420044 149036
22663316 21.808812141418457 21052466
1489745022 21.56566095352173 1185996137
583253116 33.48826885223389 498896643
49629034 61.21076822280884 44759294
270648 9.366331815719604 240516
9293044 36.093701124191284 8133398
50820 10.82850193977356 48816
289232 22.40239715576172 273038
