7172 0.09597182273864746 6156
6958 0.08329153060913086 6194
5468 0.12939858436584473 3796
74 9.786492824554443 64
7070 0.07573103904724121 6922
3015158 1.7282350063323975 2520135
9496044 3.215532064437866 7763962
5360 0.20376276969909668 5166
92424 5.606123685836792 90998
118248 8.165753602981567 115534
156022 11.24123740196228 152002
152342 13.238884925842285 149036
21850342 7.543741226196289 21052466
1243941614 13.249794960021973 1185996137
518517900 46.1947546005249 498896643
44952084 93.89571356773376 44759294
249510 0.7154321670532227 240516
8357524 40.36666512489319 8133398
49354 1.4144163131713867 48816
275884 12.180912256240845 273038
