7072 4.725980758666992 6156
6840 4.631975889205933 6194
5602 5.5114829540252686 3796
74 98.23454213142395 64
6922 4.063045263290405 6922
3023777 26.90294885635376 2520135
9534143 45.89089870452881 7763962
5306 6.827949047088623 5166
94872 44.22912931442261 90998
121362 53.624380350112915 115534
160428 66.14944505691528 152002
157454 66.183842420578 149036
22523706 70.44049715995789 21052466
1290564064 69.53520607948303 1185996137
582733862 153.33875918388367 498896643
48057102 440.2817256450653 44759294
254506 12.174532890319824 240516
9158476 156.49997186660767 8133398
49998 17.501063585281372 48816
282292 65.50906419754028 273038
