6862 0.129774808883667 6156
7634 0.08345723152160645 6194
6956 0.24571776390075684 3796
78 7.884249448776245 64
6938 0.14470958709716797 6922
3044214 1.2548751831054688 2520135
9438677 4.6374077796936035 7763962
5388 0.3721323013305664 5166
92866 5.8376970291137695 90998
117570 7.222138404846191 115534
155124 12.218196868896484 152002
152106 10.047227382659912 149036
21914850 7.550086736679077 21052466
1252179834 14.453747749328613 1185996137
513278727 36.83866810798645 498896643
45598736 19.466911554336548 44759294
253326 0.685255765914917 240516
8314986 34.21270728111267 8133398
49876 1.4281527996063232 48816
276036 14.270700216293335 273038
