0 11206
1 10024
2 10024
3 10024
4 10024
5 10024
6 9784
7 9758
8 9758
9 9758
10 9178
11 9178
12 9120
13 9120
14 9120
15 9120
16 9120
17 9120
18 9120
19 9120
20 9066
21 9066
22 9058
23 9044
24 9044
25 8924
26 8924
27 8924
28 8924
29 8924
30 8662
31 8662
32 8662
33 8662
34 8662
35 8662
36 8662
37 8662
38 8662
39 8662
40 8662
41 8662
42 8336
43 8336
44 8136
45 8136
46 8136
47 8136
48 8136
49 8136
50 8136
51 7810
52 7810
53 7810
54 7810
55 7810
56 7614
57 7614
58 7614
59 7614
60 7614
61 7500
62 7486
63 7486
64 7486
65 7486
66 7486
67 7486
68 7486
69 7486
70 7486
71 7486
72 7470
73 7428
74 7428
75 7428
76 7428
77 7428
78 7428
79 7428
80 7428
81 7428
82 7428
83 7428
84 7428
85 7396
86 7396
87 7396
88 7396
89 7396
90 7396
91 7396
92 7396
93 7396
94 7396
95 7396
96 7286
97 7286
98 7286
99 7286
100 7286
101 7286
102 7286
103 7286
104 7286
105 7286
106 7286
107 7286
108 7286
109 7286
110 7286
111 7286
112 7286
113 7286
114 7286
115 7286
116 7286
117 7286
118 7032
119 7032
120 7032
121 7032
122 7032
123 7032
124 7032
125 7032
126 7032
127 7032
128 7032
129 7032
130 7032
131 7032
132 7032
133 7032
134 7032
135 7032
136 7032
137 7032
138 7032
139 7032
140 7032
141 7008
142 7008
143 7008
144 7008
145 7008
146 7008
147 7008
148 7008
149 7008
150 7008
151 7008
152 7008
153 7008
154 7008
155 7008
156 7008
157 6972
158 6972
159 6972
160 6972
161 6972
162 6972
163 6972
164 6972
165 6972
166 6972
167 6972
168 6972
169 6972
170 6972
171 6972
172 6972
173 6972
174 6972
175 6972
176 6972
177 6972
178 6972
179 6972
180 6972
181 6972
182 6972
183 6972
184 6972
185 6972
186 6972
187 6972
188 6972
189 6972
190 6972
191 6972
192 6972
193 6972
194 6972
195 6972
196 6972
197 6972
198 6972
199 6972
200 6972
201 6972
202 6972
203 6972
204 6972
205 6972
206 6972
207 6972
208 6972
209 6972
210 6972
211 6972
212 6972
213 6972
214 6972
215 6972
216 6972
217 6972
218 6972
219 6972
220 6972
221 6972
222 6972
223 6972
224 6972
225 6972
226 6972
227 6972
228 6972
229 6972
230 6972
231 6972
232 6972
233 6972
234 6972
235 6972
236 6972
237 6972
238 6972
239 6972
240 6972
241 6972
242 6972
243 6972
244 6972
245 6972
246 6972
247 6972
248 6972
249 6972
250 6972
251 6972
252 6972
253 6972
254 6972
255 6972
256 6972
257 6972
258 6972
259 6972
260 6972
261 6972
262 6972
263 6972
264 6972
265 6972
266 6972
267 6972
268 6972
269 6972
270 6972
271 6972
272 6972
273 6972
274 6972
275 6972
276 6972
277 6972
278 6972
279 6972
280 6972
281 6972
282 6972
283 6972
284 6972
285 6972
286 6972
287 6972
288 6972
289 6972
290 6972
291 6972
292 6972
293 6972
294 6972
295 6972
296 6972
297 6972
298 6972
299 6972
300 6972
301 6972
302 6972
303 6972
304 6972
305 6972
306 6972
307 6972
308 6972
309 6972
310 6972
311 6972
312 6972
313 6972
314 6972
315 6972
316 6972
317 6972
318 6972
319 6972
320 6972
321 6972
322 6972
323 6972
324 6972
325 6972
326 6972
327 6972
328 6972
329 6972
330 6972
331 6972
332 6972
333 6914
334 6914
335 6914
336 6914
337 6914
338 6914
339 6914
340 6914
341 6914
342 6914
343 6914
344 6914
345 6914
346 6914
347 6914
348 6914
349 6914
350 6914
351 6914
352 6914
353 6914
354 6914
355 6914
356 6914
357 6914
358 6914
359 6914
360 6914
361 6914
362 6914
363 6914
364 6914
365 6914
366 6914
367 6914
368 6914
369 6902
370 6902
371 6902
372 6902
373 6902
374 6902
375 6902
376 6902
377 6902
378 6902
379 6902
380 6902
381 6902
382 6902
383 6902
384 6894
385 6894
386 6894
387 6894
388 6894
389 6890
390 6890
391 6890
392 6890
393 6890
394 6890
395 6890
396 6890
397 6890
398 6890
399 6890
400 6890
401 6890
402 6890
403 6890
404 6890
405 6890
406 6890
407 6890
408 6890
409 6890
410 6890
411 6890
412 6890
413 6890
414 6890
415 6890
416 6890
417 6890
418 6890
419 6890
420 6890
421 6890
422 6890
423 6890
424 6890
425 6890
426 6890
427 6890
428 6890
429 6890
430 6890
431 6890
432 6890
433 6890
434 6890
435 6890
436 6890
437 6890
438 6890
439 6890
440 6890
441 6890
442 6890
443 6890
444 6890
445 6890
446 6890
447 6890
448 6890
449 6890
450 6890
451 6890
452 6890
453 6890
454 6890
455 6890
456 6890
457 6890
458 6890
459 6890
460 6890
461 6890
462 6890
463 6890
464 6890
465 6890
466 6890
467 6890
468 6890
469 6890
470 6890
471 6890
472 6890
473 6890
474 6890
475 6890
476 6890
477 6890
478 6890
479 6890
480 6890
481 6890
482 6890
483 6890
484 6890
485 6890
486 6890
487 6890
488 6890
489 6890
490 6890
491 6890
492 6890
493 6890
494 6890
495 6890
496 6890
497 6890
498 6890
499 6890
500 6890
501 6890
502 6890
503 6890
504 6890
505 6890
506 6890
507 6890
508 6890
509 6890
510 6890
511 6890
512 6890
513 6890
514 6890
515 6890
516 6890
517 6890
518 6890
519 6890
520 6890
521 6890
522 6890
523 6890
524 6890
525 6890
526 6890
527 6890
528 6890
529 6890
530 6890
531 6890
532 6890
533 6890
534 6890
535 6890
536 6890
537 6890
538 6890
539 6890
540 6890
541 6890
542 6890
543 6890
544 6890
545 6890
546 6890
547 6890
548 6890
549 6890
550 6890
551 6890
552 6890
553 6890
554 6890
555 6890
556 6890
557 6890
558 6890
559 6890
560 6890
561 6890
562 6890
563 6890
564 6890
565 6890
566 6890
567 6890
568 6890
569 6890
570 6890
571 6890
572 6890
573 6890
574 6890
575 6890
576 6890
577 6890
578 6890
579 6890
580 6890
581 6890
582 6890
583 6890
584 6890
585 6890
586 6890
587 6890
588 6890
589 6890
590 6890
591 6890
592 6890
593 6890
594 6890
595 6890
596 6890
597 6890
598 6890
599 6890
600 6890
601 6890
602 6890
603 6890
604 6890
605 6890
606 6890
607 6890
608 6890
609 6890
610 6890
611 6890
612 6890
613 6890
614 6890
615 6890
616 6890
617 6890
618 6890
619 6890
620 6890
621 6890
622 6890
623 6890
624 6890
625 6890
626 6890
627 6890
628 6890
629 6890
630 6890
631 6890
632 6890
633 6890
634 6890
635 6890
636 6890
637 6890
638 6890
639 6890
640 6890
641 6890
642 6890
643 6890
644 6890
645 6890
646 6890
647 6890
648 6890
649 6890
650 6890
651 6890
652 6890
653 6890
654 6890
655 6890
656 6890
657 6890
658 6890
659 6890
660 6890
661 6890
662 6890
663 6890
664 6890
665 6890
666 6890
667 6890
668 6890
669 6890
670 6890
671 6890
672 6890
673 6890
674 6890
675 6890
676 6890
677 6890
678 6890
679 6890
680 6890
681 6890
682 6890
683 6890
684 6890
685 6890
686 6890
687 6890
688 6890
689 6890
690 6890
691 6890
692 6890
693 6890
694 6890
695 6890
696 6890
697 6890
698 6890
699 6890
700 6890
701 6890
702 6890
703 6890
704 6890
705 6890
706 6890
707 6890
708 6890
709 6890
710 6890
711 6890
712 6890
713 6890
714 6890
715 6890
716 6890
717 6890
718 6890
719 6890
720 6890
721 6890
722 6890
723 6890
724 6890
725 6890
726 6890
727 6890
728 6890
729 6890
730 6890
731 6890
732 6890
733 6890
734 6890
735 6890
736 6890
737 6890
738 6890
739 6890
740 6890
741 6890
742 6890
743 6890
744 6890
745 6890
746 6890
747 6890
748 6890
749 6890
750 6890
751 6890
752 6890
753 6890
754 6890
755 6890
756 6890
757 6890
758 6890
759 6890
760 6890
761 6890
762 6890
763 6890
764 6890
765 6890
766 6890
767 6890
768 6890
769 6890
770 6890
771 6890
772 6890
773 6890
774 6890
775 6890
776 6890
777 6890
778 6890
779 6890
780 6890
781 6890
782 6890
783 6890
784 6890
785 6890
786 6890
787 6890
788 6890
789 6890
790 6890
791 6890
792 6890
793 6890
794 6890
795 6890
796 6890
797 6890
798 6890
799 6890
800 6890
801 6890
802 6890
803 6890
804 6890
805 6890
806 6890
807 6890
808 6890
809 6890
810 6890
811 6890
812 6890
813 6890
814 6890
815 6890
816 6890
817 6890
818 6890
819 6890
820 6890
821 6890
822 6890
823 6890
824 6890
825 6890
826 6890
827 6890
828 6890
829 6890
830 6890
831 6890
832 6890
833 6890
834 6890
835 6890
836 6890
837 6890
838 6890
839 6890
840 6890
841 6890
842 6890
843 6890
844 6890
845 6890
846 6890
847 6890
848 6890
849 6890
850 6890
851 6890
852 6890
853 6890
854 6890
855 6890
856 6890
857 6890
858 6890
859 6890
860 6890
861 6890
862 6890
863 6890
864 6890
865 6890
866 6890
867 6890
868 6890
869 6890
870 6890
871 6890
872 6890
873 6890
874 6890
875 6890
876 6890
877 6890
878 6890
879 6890
880 6890
881 6890
882 6890
883 6890
884 6890
885 6890
886 6890
887 6890
888 6890
889 6890
890 6890
891 6890
892 6890
893 6890
894 6890
895 6890
896 6890
897 6890
898 6890
899 6890
900 6890
901 6890
902 6890
903 6890
904 6890
905 6890
906 6890
907 6890
908 6890
909 6890
910 6890
911 6890
912 6890
913 6890
914 6890
915 6890
916 6890
917 6890
918 6890
919 6890
920 6890
921 6890
922 6890
923 6890
924 6890
925 6890
926 6890
927 6890
928 6890
929 6890
930 6890
931 6890
932 6890
933 6890
934 6890
935 6890
936 6890
937 6890
938 6890
939 6890
940 6890
941 6890
942 6890
943 6890
944 6890
945 6890
946 6890
947 6890
948 6890
949 6890
950 6890
951 6890
952 6890
953 6890
954 6890
955 6890
956 6890
957 6890
958 6890
959 6890
960 6890
961 6890
962 6890
963 6890
964 6890
965 6890
966 6890
967 6890
968 6890
969 6890
970 6890
971 6890
972 6890
973 6890
974 6890
975 6890
976 6890
977 6890
978 6890
979 6890
980 6890
981 6890
982 6890
983 6890
984 6890
985 6890
986 6890
987 6890
988 6890
989 6890
990 6890
991 6890
992 6890
993 6890
994 6890
995 6890
996 6890
997 6890
998 6890
999 6890
1000 6890
1001 6890
1002 6890
1003 6890
1004 6890
1005 6890
1006 6890
1007 6890
1008 6890
1009 6890
1010 6890
1011 6890
1012 6890
1013 6890
1014 6890
1015 6890
1016 6890
1017 6890
1018 6890
1019 6890
1020 6890
1021 6890
1022 6890
1023 6890
1024 6890
1025 6890
1026 6890
1027 6890
1028 6890
1029 6890
1030 6890
1031 6890
1032 6890
1033 6890
1034 6890
1035 6890
1036 6890
1037 6890
1038 6890
1039 6890
1040 6890
1041 6890
1042 6890
1043 6890
1044 6890
1045 6890
1046 6890
1047 6890
1048 6890
1049 6890
1050 6890
1051 6890
1052 6890
1053 6890
1054 6890
1055 6890
1056 6890
1057 6890
1058 6890
1059 6890
1060 6890
1061 6890
1062 6890
1063 6890
1064 6890
1065 6890
1066 6890
1067 6890
1068 6890
1069 6890
1070 6890
1071 6890
1072 6890
1073 6890
1074 6890
1075 6890
1076 6890
1077 6890
1078 6890
1079 6890
1080 6890
1081 6890
1082 6890
1083 6890
1084 6890
1085 6890
1086 6890
1087 6890
1088 6890
1089 6890
1090 6890
1091 6890
1092 6890
1093 6890
1094 6890
1095 6890
1096 6890
1097 6890
1098 6890
1099 6890
1100 6890
1101 6890
1102 6890
1103 6890
1104 6890
1105 6890
1106 6890
1107 6890
1108 6890
1109 6890
1110 6890
1111 6890
1112 6890
1113 6890
1114 6890
1115 6890
1116 6890
1117 6890
1118 6890
1119 6890
1120 6890
1121 6890
1122 6890
1123 6890
1124 6890
1125 6890
1126 6890
1127 6890
1128 6890
1129 6890
1130 6890
1131 6890
1132 6890
1133 6890
1134 6890
1135 6890
1136 6890
1137 6890
1138 6890
1139 6890
1140 6890
1141 6890
1142 6890
1143 6890
1144 6890
1145 6890
1146 6890
1147 6890
1148 6890
1149 6890
1150 6890
1151 6890
1152 6890
1153 6890
1154 6890
1155 6890
1156 6890
1157 6890
1158 6890
1159 6890
1160 6890
1161 6890
1162 6890
1163 6890
1164 6890
1165 6890
1166 6890
1167 6890
1168 6890
1169 6890
1170 6890
1171 6890
1172 6890
1173 6890
1174 6890
1175 6890
1176 6890
1177 6890
1178 6890
1179 6890
1180 6890
1181 6890
1182 6890
1183 6890
1184 6890
1185 6890
1186 6890
1187 6890
1188 6890
1189 6890
1190 6890
1191 6890
1192 6890
1193 6890
1194 6890
1195 6890
1196 6890
1197 6890
1198 6890
1199 6890
1200 6890
1201 6890
1202 6890
1203 6890
1204 6890
1205 6890
1206 6890
1207 6890
1208 6890
1209 6890
1210 6890
1211 6890
1212 6890
1213 6890
1214 6890
1215 6890
1216 6890
1217 6890
1218 6890
1219 6890
1220 6890
1221 6890
1222 6890
1223 6890
1224 6890
1225 6890
1226 6890
1227 6890
1228 6890
1229 6890
1230 6890
1231 6890
1232 6890
1233 6890
1234 6890
1235 6890
1236 6890
1237 6890
1238 6890
1239 6890
1240 6890
1241 6890
1242 6890
1243 6890
1244 6890
1245 6890
1246 6890
1247 6890
1248 6890
1249 6890
1250 6890
1251 6890
1252 6890
1253 6890
1254 6890
1255 6890
1256 6890
1257 6890
1258 6890
1259 6890
1260 6890
1261 6890
1262 6890
1263 6890
1264 6890
1265 6890
1266 6890
1267 6890
1268 6890
1269 6890
1270 6890
1271 6890
1272 6890
1273 6890
1274 6890
1275 6890
1276 6890
1277 6890
1278 6890
1279 6890
1280 6890
1281 6890
1282 6890
1283 6890
1284 6890
1285 6890
1286 6890
1287 6890
1288 6890
1289 6890
1290 6890
1291 6890
1292 6890
1293 6890
1294 6890
1295 6890
1296 6890
1297 6890
1298 6890
1299 6890
1300 6890
1301 6890
1302 6890
1303 6890
1304 6890
1305 6890
1306 6890
1307 6890
1308 6890
1309 6890
1310 6890
1311 6890
1312 6890
1313 6890
1314 6890
1315 6890
1316 6890
1317 6890
1318 6890
1319 6890
1320 6890
1321 6890
1322 6890
1323 6890
1324 6890
1325 6890
1326 6890
1327 6890
1328 6890
1329 6890
1330 6890
1331 6890
1332 6890
1333 6890
1334 6890
1335 6890
1336 6890
1337 6890
1338 6890
1339 6890
1340 6890
1341 6890
1342 6890
1343 6890
1344 6890
1345 6890
1346 6890
1347 6890
1348 6890
1349 6890
1350 6890
1351 6890
1352 6890
1353 6890
1354 6890
1355 6890
1356 6890
1357 6890
1358 6890
1359 6890
1360 6890
1361 6890
1362 6890
1363 6890
1364 6890
1365 6890
1366 6890
1367 6890
1368 6890
1369 6890
1370 6890
1371 6890
1372 6890
1373 6890
1374 6890
1375 6890
1376 6890
1377 6890
1378 6890
1379 6890
1380 6890
1381 6890
1382 6890
1383 6890
1384 6890
1385 6890
1386 6890
1387 6890
1388 6890
1389 6890
1390 6890
1391 6890
1392 6890
1393 6890
1394 6890
1395 6890
1396 6890
1397 6890
1398 6890
1399 6890
1400 6890
1401 6890
1402 6890
1403 6890
1404 6890
1405 6890
1406 6890
1407 6890
1408 6890
1409 6890
1410 6890
1411 6890
1412 6890
1413 6890
1414 6890
1415 6890
1416 6890
1417 6890
1418 6890
1419 6890
1420 6890
1421 6890
1422 6890
1423 6890
1424 6890
1425 6890
1426 6890
1427 6890
1428 6890
1429 6890
1430 6890
1431 6890
1432 6890
1433 6890
1434 6890
1435 6890
1436 6890
1437 6890
1438 6890
1439 6890
1440 6890
1441 6890
1442 6890
1443 6890
1444 6890
1445 6890
1446 6890
1447 6890
1448 6890
1449 6890
1450 6890
1451 6890
1452 6890
1453 6890
1454 6890
1455 6890
1456 6890
1457 6890
1458 6890
1459 6890
1460 6890
1461 6890
1462 6890
1463 6890
1464 6890
1465 6890
1466 6890
1467 6890
1468 6890
1469 6890
1470 6890
1471 6890
1472 6890
1473 6890
1474 6890
1475 6890
1476 6890
1477 6890
1478 6890
1479 6890
1480 6890
1481 6890
1482 6890
1483 6890
1484 6890
1485 6890
1486 6890
1487 6890
1488 6890
1489 6890
1490 6890
1491 6890
1492 6890
1493 6890
1494 6890
1495 6890
1496 6890
1497 6890
1498 6890
1499 6890
1500 6890
1501 6890
1502 6890
1503 6890
1504 6890
1505 6890
1506 6890
1507 6890
1508 6890
1509 6890
1510 6890
1511 6890
1512 6890
1513 6890
1514 6890
1515 6890
1516 6890
1517 6890
1518 6890
1519 6890
1520 6890
1521 6890
1522 6890
1523 6890
1524 6890
1525 6890
1526 6890
1527 6890
1528 6890
1529 6890
1530 6890
1531 6890
1532 6890
1533 6890
1534 6890
1535 6890
1536 6890
1537 6890
1538 6890
1539 6890
1540 6890
1541 6890
1542 6890
1543 6890
1544 6890
1545 6890
1546 6890
1547 6890
1548 6890
1549 6890
1550 6890
1551 6890
1552 6890
1553 6890
1554 6890
1555 6890
1556 6890
1557 6890
1558 6890
1559 6890
1560 6890
1561 6890
1562 6890
1563 6890
1564 6890
1565 6890
1566 6890
1567 6890
1568 6890
1569 6890
1570 6890
1571 6890
1572 6890
1573 6890
1574 6890
1575 6890
1576 6890
1577 6890
1578 6890
1579 6890
1580 6890
1581 6890
1582 6890
1583 6890
1584 6890
1585 6890
1586 6890
1587 6890
1588 6890
1589 6890
1590 6890
1591 6890
1592 6890
1593 6890
1594 6890
1595 6890
1596 6890
1597 6890
1598 6890
1599 6890
1600 6890
1601 6890
1602 6890
1603 6890
1604 6890
1605 6890
1606 6890
1607 6890
1608 6890
1609 6890
1610 6890
1611 6890
1612 6890
1613 6890
1614 6890
1615 6890
1616 6890
1617 6890
1618 6890
1619 6890
1620 6890
1621 6890
1622 6890
1623 6890
1624 6890
1625 6890
1626 6890
1627 6890
1628 6890
1629 6890
1630 6890
1631 6890
1632 6890
1633 6890
1634 6890
1635 6890
1636 6890
1637 6890
1638 6890
1639 6890
1640 6890
1641 6890
1642 6890
1643 6890
1644 6890
1645 6890
1646 6890
1647 6890
1648 6890
1649 6890
1650 6890
1651 6890
1652 6890
1653 6890
1654 6890
1655 6890
1656 6890
1657 6890
1658 6890
1659 6890
1660 6890
1661 6890
1662 6890
1663 6890
1664 6890
1665 6890
1666 6890
1667 6890
1668 6890
1669 6890
1670 6890
1671 6890
1672 6890
1673 6890
1674 6890
1675 6890
1676 6890
1677 6890
1678 6890
1679 6890
1680 6890
1681 6890
1682 6890
1683 6890
1684 6890
1685 6890
1686 6890
1687 6890
1688 6890
1689 6890
1690 6890
1691 6890
1692 6890
1693 6890
1694 6890
1695 6890
1696 6890
1697 6890
1698 6890
1699 6890
1700 6890
1701 6890
1702 6890
1703 6890
1704 6890
1705 6890
1706 6890
1707 6890
1708 6890
1709 6890
1710 6890
1711 6890
1712 6890
1713 6890
1714 6890
1715 6890
1716 6890
1717 6890
1718 6890
1719 6890
1720 6890
1721 6890
1722 6890
1723 6890
1724 6890
1725 6890
1726 6890
1727 6890
1728 6890
1729 6890
1730 6890
1731 6890
1732 6890
1733 6890
1734 6890
1735 6890
1736 6890
1737 6890
1738 6890
1739 6890
1740 6890
1741 6890
1742 6890
1743 6890
1744 6890
1745 6890
1746 6890
1747 6890
1748 6890
1749 6890
1750 6890
1751 6890
1752 6890
1753 6890
1754 6890
1755 6890
1756 6890
1757 6890
1758 6890
1759 6890
1760 6890
1761 6890
1762 6890
1763 6890
1764 6890
1765 6890
1766 6890
1767 6890
1768 6890
1769 6890
1770 6890
1771 6890
1772 6890
1773 6890
1774 6890
1775 6890
1776 6890
1777 6890
1778 6890
1779 6890
1780 6890
1781 6890
1782 6890
1783 6890
1784 6890
1785 6890
