0 636030407
1 633220481
2 633220481
3 627213536
4 627213536
5 627213536
6 625586681
7 625480052
8 624303523
9 624303523
10 624303523
11 623772147
12 621833970
13 621833970
14 621833970
15 621833970
16 621833970
17 621833970
18 621833970
19 621833970
20 621833970
21 621833970
22 621833970
23 621833970
24 621833970
25 621833970
26 621833970
27 621833970
28 621833970
29 620980926
30 620980926
31 620980926
32 620980926
33 620980926
34 620980926
35 620980926
36 620980926
37 620980926
38 620980926
39 620980926
40 620980926
41 616273611
42 616273611
43 616273611
44 616273611
45 616273611
46 616273611
47 616273611
48 616273611
49 616273611
50 616273611
51 616273611
52 616273611
53 616273611
54 616273611
55 616273611
56 616273611
57 616273611
58 616273611
59 616273611
60 611995176
61 611995176
62 611995176
63 611995176
64 611995176
65 611995176
66 611995176
67 611995176
68 611995176
69 611995176
70 611995176
71 611995176
72 611995176
73 611995176
74 611995176
75 611995176
76 611995176
77 606998457
78 606998457
79 606998457
80 606998457
81 606998457
82 606998457
83 606998457
84 606998457
85 606998457
86 606998457
