0 11206
1 10558
2 9824
3 9824
4 9824
5 9824
6 9824
7 9824
8 9752
9 8726
10 8726
11 8726
12 8726
13 8726
14 8726
15 8726
16 8726
17 8622
18 8518
19 8518
20 8518
21 8518
22 8518
23 8518
24 8364
25 8364
26 8064
27 8028
28 8028
29 8028
30 8028
31 8028
32 7830
33 7664
34 7664
35 7664
36 7472
37 7472
38 7472
39 7472
40 7472
41 7472
42 7472
43 7472
44 7472
45 7472
46 7472
47 7472
48 7472
49 7472
50 7472
51 7472
52 7472
53 7472
54 7472
55 7472
56 7408
57 7408
58 7408
59 7408
60 7408
61 7408
62 7408
63 7408
64 7408
65 7408
66 7408
67 7408
68 7408
69 7408
70 7408
71 7408
72 7408
73 7408
74 7408
75 7408
76 7408
77 7408
78 7408
79 7408
80 7408
81 7408
82 7408
83 7408
84 7408
85 7408
86 7408
87 7408
88 7408
89 7408
90 7408
91 7408
92 7408
93 7408
94 7408
95 7408
96 7408
97 7408
98 7336
99 7336
100 7336
101 7336
102 7336
103 7336
104 7336
105 7330
106 7180
107 7180
108 7180
109 7180
110 7180
111 7180
112 7152
113 7152
114 7152
115 7152
116 7152
117 7152
118 7152
119 7152
120 7152
121 7152
122 7152
123 7152
124 7152
125 7152
126 7152
127 7152
128 7152
129 7152
130 7152
131 7152
132 7152
133 7152
134 7152
135 7152
136 7152
137 7152
138 7152
139 7152
140 7152
141 7152
142 7152
143 7152
144 7144
145 7144
146 7144
147 7144
148 7144
149 7144
150 7144
151 7144
152 7144
153 7144
154 7144
155 7144
156 7144
157 7144
158 7144
159 7144
160 7144
161 7144
162 7144
163 7144
164 7144
165 7144
166 7144
167 7144
168 7144
169 7144
170 7144
171 7144
172 7144
173 7144
174 7128
175 7128
176 7128
177 7128
178 7128
179 7128
180 7128
181 7128
182 7128
183 7128
184 7128
185 7128
186 7128
187 7128
188 7128
189 7128
190 7128
191 7128
192 7128
193 7128
194 7128
195 7128
196 7128
197 7128
198 7128
199 7128
200 7128
201 7128
202 7128
203 7088
204 7088
205 7088
206 7088
207 7088
208 7088
209 7088
210 7088
211 7088
212 7088
213 7088
214 7088
215 7088
216 7088
217 7088
218 7088
219 7088
220 7088
221 7088
222 7088
223 7088
224 7088
225 7088
226 7088
227 7088
228 7088
229 7088
230 7088
231 7088
232 7088
233 7088
234 7088
235 7088
236 7088
237 7088
238 7088
239 7088
240 7088
241 7062
242 7062
243 7062
244 7062
245 7062
246 7062
247 7062
248 7062
249 7062
250 7062
251 7062
252 7062
253 7062
254 7062
255 7062
256 7062
257 7062
258 7062
259 7062
260 7062
261 7062
262 7062
263 7062
264 7062
265 7062
266 7062
267 6926
268 6926
269 6926
270 6926
271 6926
272 6926
273 6926
274 6926
275 6926
276 6926
277 6926
278 6926
279 6926
280 6926
281 6926
282 6926
283 6926
284 6926
285 6926
286 6926
287 6926
288 6926
289 6926
290 6926
291 6926
292 6926
293 6926
294 6926
295 6926
296 6926
297 6926
298 6926
299 6926
300 6926
301 6926
302 6926
303 6926
304 6926
305 6926
306 6926
307 6926
308 6926
309 6926
310 6926
311 6926
312 6926
313 6926
314 6926
315 6926
316 6926
317 6926
318 6926
319 6926
320 6926
321 6926
322 6926
323 6926
324 6926
325 6926
326 6926
327 6926
328 6926
329 6926
330 6926
331 6926
332 6926
333 6926
334 6926
335 6926
336 6926
337 6926
338 6926
339 6926
340 6926
341 6926
342 6926
343 6926
344 6926
345 6926
346 6926
347 6926
348 6926
349 6926
350 6926
351 6926
352 6926
353 6926
354 6926
355 6926
356 6926
357 6926
358 6926
359 6926
360 6926
361 6926
362 6926
363 6926
364 6926
365 6926
366 6926
367 6926
368 6926
369 6926
370 6926
371 6926
372 6926
373 6926
374 6926
375 6926
376 6926
377 6926
378 6926
379 6926
380 6926
381 6926
382 6926
383 6926
384 6926
385 6926
386 6926
387 6926
388 6926
389 6926
390 6926
391 6926
392 6926
393 6926
394 6926
395 6926
396 6926
397 6926
398 6926
399 6926
400 6926
401 6926
402 6926
403 6926
404 6926
405 6926
406 6926
407 6926
408 6926
409 6926
410 6926
411 6926
412 6926
413 6926
414 6926
415 6926
416 6926
417 6926
418 6926
419 6926
420 6926
421 6926
422 6926
423 6926
424 6926
425 6926
426 6926
427 6926
428 6926
429 6926
430 6926
431 6926
432 6926
433 6926
434 6926
435 6926
436 6926
437 6926
438 6926
439 6926
440 6926
441 6926
442 6926
443 6926
444 6926
445 6926
446 6926
447 6926
448 6926
449 6926
450 6926
451 6926
452 6926
453 6926
454 6926
455 6926
456 6926
457 6926
458 6926
459 6926
460 6926
461 6926
462 6926
463 6926
464 6926
465 6926
466 6926
467 6926
468 6926
469 6926
470 6926
471 6926
472 6926
473 6926
474 6926
475 6926
476 6926
477 6926
478 6926
479 6926
480 6926
481 6926
482 6926
483 6926
484 6926
485 6926
486 6926
487 6926
488 6926
489 6926
490 6926
491 6926
492 6926
493 6926
494 6926
495 6926
496 6926
497 6926
498 6926
499 6926
500 6926
501 6926
502 6926
503 6926
504 6926
505 6926
506 6926
507 6926
508 6926
509 6926
510 6926
511 6926
512 6926
513 6926
514 6926
515 6926
516 6926
517 6926
518 6926
519 6926
520 6926
521 6926
522 6926
523 6926
524 6926
525 6926
526 6926
527 6926
528 6926
529 6926
530 6926
531 6926
532 6926
533 6926
534 6926
535 6926
536 6926
537 6926
538 6926
539 6926
540 6926
541 6926
542 6926
543 6926
544 6926
545 6926
546 6926
547 6926
548 6926
549 6926
550 6926
551 6926
552 6926
553 6926
554 6926
555 6926
556 6926
557 6926
558 6926
559 6926
560 6926
561 6926
562 6926
563 6926
564 6926
565 6926
566 6926
567 6926
568 6926
569 6926
570 6926
571 6926
572 6926
573 6926
574 6926
575 6926
576 6926
577 6926
578 6926
579 6926
580 6926
581 6926
582 6926
583 6926
584 6926
585 6926
586 6926
587 6926
588 6926
589 6926
590 6926
591 6926
592 6926
593 6926
594 6926
595 6926
596 6926
597 6926
598 6926
599 6926
600 6926
601 6926
602 6926
603 6926
604 6926
605 6926
606 6926
607 6926
608 6926
609 6926
610 6926
611 6926
612 6926
613 6926
614 6926
615 6926
616 6926
617 6926
618 6926
619 6926
620 6926
621 6926
622 6926
623 6926
624 6926
625 6926
626 6926
627 6926
628 6926
629 6926
630 6926
631 6926
632 6926
633 6926
634 6926
635 6926
636 6926
637 6926
638 6926
639 6926
640 6926
641 6926
642 6926
643 6926
644 6926
645 6926
646 6926
647 6926
648 6926
649 6926
650 6926
651 6926
652 6926
653 6926
654 6926
655 6926
656 6926
657 6926
658 6926
659 6926
660 6926
661 6926
662 6926
663 6926
664 6926
665 6926
666 6926
667 6926
668 6926
669 6926
670 6926
671 6926
672 6926
673 6926
674 6926
675 6926
676 6926
677 6926
678 6926
679 6926
680 6926
681 6926
682 6926
683 6926
684 6926
685 6926
686 6926
687 6926
688 6926
689 6926
690 6926
691 6926
692 6926
693 6926
694 6926
695 6926
696 6926
697 6926
698 6926
699 6926
700 6926
701 6926
702 6926
703 6926
704 6926
705 6926
706 6926
707 6926
708 6926
709 6926
710 6926
711 6926
712 6926
713 6926
714 6926
715 6926
716 6926
717 6926
718 6926
719 6926
720 6926
721 6926
722 6926
723 6926
724 6926
725 6926
726 6926
727 6926
728 6926
729 6926
730 6926
731 6926
732 6926
733 6926
734 6926
735 6926
736 6926
737 6926
738 6926
739 6926
740 6926
741 6926
742 6926
743 6926
744 6926
745 6926
746 6926
747 6926
748 6926
749 6926
750 6926
751 6926
752 6926
753 6926
754 6926
755 6926
756 6926
757 6926
758 6926
759 6926
760 6926
761 6926
762 6926
763 6926
764 6926
765 6926
766 6926
767 6926
768 6926
769 6926
770 6926
771 6926
772 6926
773 6926
774 6926
775 6926
776 6926
777 6926
778 6926
779 6926
780 6926
781 6926
782 6926
783 6926
784 6926
785 6926
786 6926
787 6926
788 6926
789 6926
790 6926
791 6926
792 6926
793 6926
794 6926
795 6926
796 6926
797 6926
798 6926
799 6926
800 6926
801 6926
802 6926
803 6926
804 6926
805 6926
806 6926
807 6926
808 6926
809 6926
810 6926
811 6926
812 6926
813 6926
814 6926
815 6926
816 6926
817 6926
818 6926
819 6926
820 6926
821 6926
822 6926
823 6926
824 6926
825 6926
826 6926
827 6926
828 6926
829 6926
830 6926
831 6926
832 6926
833 6926
834 6926
835 6926
836 6926
837 6926
838 6926
839 6926
840 6926
841 6926
842 6926
843 6926
844 6926
845 6926
846 6926
847 6926
848 6926
849 6926
850 6926
851 6926
852 6926
853 6926
854 6926
855 6926
856 6926
857 6926
858 6926
859 6926
860 6926
861 6926
862 6926
863 6926
864 6926
865 6926
866 6926
867 6926
868 6926
869 6926
870 6926
871 6926
872 6926
873 6926
874 6926
875 6926
876 6926
877 6926
878 6926
879 6926
880 6926
881 6926
882 6926
883 6926
884 6926
885 6926
886 6926
887 6926
888 6926
889 6926
890 6926
891 6926
892 6926
893 6926
894 6926
895 6926
896 6926
897 6926
898 6926
899 6926
900 6926
901 6926
902 6926
903 6926
904 6926
905 6926
906 6926
907 6926
908 6926
909 6926
910 6926
911 6926
912 6926
913 6926
914 6926
915 6926
916 6926
917 6926
918 6926
919 6926
920 6926
921 6926
922 6926
923 6926
924 6926
925 6926
926 6926
927 6926
928 6926
929 6926
930 6926
931 6926
932 6926
933 6926
934 6926
935 6926
936 6926
937 6926
938 6926
939 6926
940 6926
941 6926
942 6926
943 6926
944 6926
945 6926
946 6926
947 6926
948 6926
949 6926
950 6926
951 6926
952 6926
953 6926
954 6926
955 6926
956 6926
957 6926
958 6926
959 6926
960 6926
961 6926
962 6926
963 6926
964 6926
965 6926
966 6926
967 6926
968 6926
969 6926
970 6926
971 6926
972 6926
973 6926
974 6926
975 6926
976 6926
977 6926
978 6926
979 6926
980 6926
981 6926
982 6926
983 6926
984 6926
985 6926
986 6926
987 6926
988 6926
989 6926
990 6926
991 6926
992 6926
993 6926
994 6926
995 6926
996 6926
997 6926
998 6926
999 6926
1000 6926
1001 6926
1002 6926
1003 6926
1004 6926
1005 6926
1006 6926
1007 6926
1008 6926
1009 6926
1010 6926
1011 6926
1012 6926
1013 6926
1014 6926
1015 6926
1016 6926
1017 6926
1018 6926
1019 6926
1020 6926
1021 6926
1022 6926
1023 6926
1024 6926
1025 6926
1026 6926
1027 6926
1028 6926
1029 6926
1030 6926
1031 6926
1032 6926
1033 6926
1034 6926
1035 6926
1036 6926
1037 6926
1038 6926
1039 6926
1040 6926
1041 6926
1042 6926
1043 6926
1044 6926
1045 6926
1046 6926
1047 6926
1048 6926
1049 6926
1050 6926
1051 6926
1052 6926
1053 6926
1054 6926
1055 6926
1056 6926
1057 6926
1058 6926
1059 6926
1060 6926
1061 6926
1062 6926
1063 6926
1064 6926
1065 6926
1066 6926
1067 6926
1068 6926
1069 6926
1070 6926
1071 6926
1072 6926
1073 6926
1074 6926
1075 6926
1076 6926
1077 6926
1078 6926
1079 6926
1080 6926
1081 6926
1082 6926
1083 6926
1084 6926
1085 6926
1086 6926
1087 6926
1088 6926
1089 6926
1090 6926
1091 6926
1092 6926
1093 6926
1094 6926
1095 6926
1096 6926
1097 6926
1098 6926
1099 6926
1100 6926
1101 6926
1102 6926
1103 6926
1104 6926
1105 6926
1106 6926
1107 6926
1108 6926
1109 6926
1110 6926
1111 6926
1112 6926
1113 6926
1114 6926
1115 6926
1116 6926
1117 6926
1118 6926
1119 6926
1120 6926
1121 6926
1122 6926
1123 6926
1124 6926
1125 6926
1126 6926
1127 6926
1128 6926
1129 6926
1130 6926
1131 6926
1132 6926
1133 6926
1134 6926
1135 6926
1136 6926
1137 6926
1138 6926
1139 6926
1140 6926
1141 6926
1142 6926
1143 6926
1144 6926
1145 6926
1146 6926
1147 6926
1148 6926
1149 6926
1150 6926
1151 6926
1152 6926
1153 6926
1154 6926
1155 6926
1156 6922
1157 6922
1158 6922
1159 6922
1160 6922
1161 6922
1162 6922
1163 6922
1164 6922
1165 6922
1166 6922
1167 6922
1168 6922
1169 6922
1170 6922
1171 6922
1172 6922
1173 6922
1174 6922
1175 6922
1176 6922
1177 6922
1178 6922
1179 6922
1180 6922
1181 6922
1182 6922
1183 6922
1184 6922
1185 6922
1186 6922
1187 6922
1188 6922
1189 6922
1190 6922
1191 6922
1192 6922
1193 6922
1194 6922
1195 6922
1196 6922
1197 6922
1198 6922
1199 6922
1200 6922
1201 6922
1202 6922
1203 6922
1204 6922
1205 6922
1206 6922
1207 6922
1208 6922
1209 6922
1210 6922
1211 6922
1212 6922
1213 6922
1214 6922
1215 6922
1216 6922
1217 6922
1218 6922
1219 6922
1220 6922
1221 6922
1222 6922
1223 6922
1224 6922
1225 6922
1226 6922
1227 6922
1228 6922
1229 6922
1230 6922
1231 6922
1232 6922
1233 6922
1234 6922
1235 6922
1236 6878
1237 6878
1238 6878
1239 6878
1240 6878
1241 6878
1242 6878
1243 6878
1244 6878
1245 6878
1246 6878
1247 6878
1248 6878
1249 6878
1250 6878
1251 6878
1252 6878
1253 6878
1254 6878
1255 6878
1256 6878
1257 6878
1258 6878
1259 6878
1260 6878
1261 6878
1262 6878
1263 6878
1264 6878
1265 6878
1266 6878
1267 6878
1268 6878
1269 6878
1270 6878
1271 6878
1272 6878
1273 6878
1274 6878
1275 6878
1276 6878
1277 6878
1278 6878
1279 6878
1280 6878
1281 6878
1282 6878
1283 6878
1284 6878
1285 6878
1286 6878
1287 6878
1288 6878
1289 6878
1290 6878
1291 6878
1292 6878
1293 6878
1294 6878
1295 6878
1296 6878
1297 6878
1298 6878
1299 6878
1300 6878
1301 6878
1302 6878
1303 6878
1304 6878
1305 6878
1306 6878
1307 6878
1308 6878
1309 6878
1310 6878
1311 6878
1312 6878
1313 6878
1314 6878
1315 6878
1316 6878
1317 6878
1318 6878
1319 6878
1320 6878
1321 6878
1322 6878
1323 6878
1324 6878
1325 6878
1326 6878
1327 6878
1328 6878
1329 6878
1330 6878
1331 6878
1332 6878
1333 6878
1334 6878
1335 6878
1336 6878
1337 6878
1338 6878
1339 6878
1340 6878
1341 6878
1342 6878
1343 6878
1344 6878
1345 6878
1346 6878
1347 6878
1348 6878
1349 6878
1350 6878
1351 6878
1352 6878
1353 6878
1354 6878
1355 6878
1356 6878
1357 6878
1358 6878
1359 6878
1360 6878
1361 6878
1362 6878
1363 6878
1364 6878
1365 6878
1366 6878
1367 6878
1368 6878
1369 6878
1370 6878
1371 6878
1372 6878
1373 6878
1374 6878
1375 6878
1376 6878
1377 6878
1378 6878
1379 6878
1380 6878
1381 6878
1382 6878
1383 6878
1384 6878
1385 6878
1386 6878
1387 6878
1388 6878
1389 6878
1390 6878
1391 6878
1392 6878
1393 6878
1394 6878
1395 6878
1396 6878
1397 6878
1398 6878
1399 6878
1400 6878
1401 6878
1402 6878
1403 6878
1404 6878
1405 6878
1406 6878
1407 6878
1408 6878
1409 6878
1410 6878
1411 6878
1412 6878
1413 6878
1414 6878
1415 6878
1416 6878
1417 6878
1418 6878
1419 6878
1420 6878
1421 6878
1422 6878
1423 6878
1424 6878
1425 6878
1426 6878
1427 6878
1428 6878
1429 6878
1430 6878
1431 6878
1432 6878
1433 6878
1434 6878
1435 6878
1436 6878
1437 6878
1438 6878
1439 6878
1440 6878
1441 6878
1442 6878
1443 6878
1444 6878
1445 6878
1446 6878
1447 6878
1448 6878
1449 6878
1450 6878
1451 6878
1452 6878
1453 6878
1454 6878
1455 6878
1456 6878
1457 6878
1458 6878
1459 6878
1460 6878
1461 6878
1462 6878
1463 6878
1464 6878
1465 6878
1466 6878
1467 6878
1468 6878
1469 6878
1470 6878
1471 6878
1472 6878
1473 6878
1474 6878
1475 6878
1476 6878
1477 6878
1478 6878
1479 6878
1480 6878
1481 6878
1482 6878
1483 6878
1484 6878
1485 6878
1486 6878
1487 6878
1488 6878
1489 6878
1490 6878
1491 6878
1492 6878
1493 6878
1494 6878
1495 6878
1496 6878
1497 6878
1498 6878
1499 6878
1500 6878
1501 6878
1502 6878
1503 6878
1504 6878
1505 6878
1506 6878
1507 6878
1508 6878
1509 6878
1510 6878
1511 6878
1512 6878
1513 6878
1514 6878
1515 6878
1516 6878
1517 6878
1518 6878
1519 6878
1520 6878
1521 6878
1522 6878
1523 6878
1524 6878
1525 6878
1526 6878
1527 6878
1528 6878
1529 6878
1530 6878
1531 6878
1532 6878
1533 6878
1534 6878
1535 6878
1536 6878
1537 6878
1538 6878
1539 6878
1540 6878
1541 6878
1542 6878
1543 6878
1544 6878
1545 6878
1546 6878
1547 6878
1548 6878
1549 6878
1550 6878
1551 6878
1552 6878
1553 6878
1554 6878
1555 6878
1556 6878
1557 6878
1558 6878
1559 6878
1560 6878
1561 6878
1562 6878
1563 6878
1564 6878
1565 6878
1566 6878
1567 6878
1568 6878
1569 6878
1570 6878
1571 6878
1572 6878
1573 6878
1574 6878
1575 6878
1576 6878
1577 6878
1578 6878
1579 6878
1580 6878
1581 6878
1582 6878
1583 6878
1584 6878
1585 6878
1586 6878
1587 6878
1588 6878
1589 6878
1590 6878
1591 6878
1592 6878
1593 6878
1594 6878
1595 6878
1596 6878
1597 6878
1598 6878
1599 6878
1600 6878
1601 6878
1602 6878
1603 6878
1604 6878
1605 6878
1606 6878
1607 6878
1608 6878
1609 6878
1610 6878
1611 6878
1612 6878
1613 6878
1614 6878
1615 6878
1616 6878
1617 6878
1618 6878
1619 6878
1620 6878
1621 6878
1622 6878
1623 6878
1624 6878
1625 6878
1626 6878
1627 6878
1628 6878
1629 6878
1630 6878
1631 6878
1632 6878
1633 6878
1634 6878
1635 6878
1636 6878
1637 6878
1638 6878
1639 6878
1640 6878
1641 6878
1642 6878
1643 6878
1644 6878
1645 6878
1646 6878
1647 6878
1648 6878
1649 6878
1650 6878
1651 6878
1652 6878
1653 6878
1654 6878
1655 6878
1656 6878
1657 6878
1658 6878
1659 6878
1660 6878
1661 6878
1662 6878
1663 6878
1664 6878
1665 6878
1666 6878
1667 6878
1668 6878
1669 6878
1670 6878
1671 6878
1672 6878
1673 6878
1674 6878
1675 6878
1676 6878
1677 6878
1678 6878
1679 6878
1680 6878
1681 6878
1682 6878
1683 6878
1684 6878
1685 6878
1686 6878
1687 6878
1688 6878
1689 6878
1690 6878
1691 6878
1692 6878
1693 6878
1694 6878
1695 6878
1696 6878
1697 6878
1698 6878
1699 6878
1700 6878
1701 6878
1702 6878
1703 6878
1704 6878
1705 6878
1706 6878
1707 6878
1708 6878
1709 6878
1710 6878
1711 6878
1712 6878
1713 6878
1714 6878
1715 6878
1716 6878
1717 6878
1718 6878
1719 6878
1720 6878
1721 6878
1722 6878
1723 6878
1724 6878
1725 6878
1726 6878
1727 6878
1728 6878
1729 6878
1730 6878
1731 6878
1732 6878
1733 6878
1734 6878
1735 6878
1736 6878
1737 6878
1738 6878
1739 6878
1740 6878
1741 6878
1742 6878
1743 6878
1744 6878
1745 6878
1746 6878
1747 6878
1748 6878
1749 6878
1750 6878
1751 6878
1752 6878
1753 6878
1754 6878
1755 6878
1756 6878
1757 6878
1758 6878
1759 6878
1760 6878
1761 6878
1762 6878
1763 6878
1764 6878
1765 6878
1766 6878
1767 6878
1768 6878
1769 6878
1770 6878
1771 6878
1772 6878
1773 6878
1774 6878
1775 6878
1776 6878
1777 6878
1778 6878
1779 6878
1780 6878
1781 6878
1782 6878
1783 6878
1784 6878
1785 6878
