0 106000
10 106000
20 106000
30 106000
40 105726
50 105726
60 105726
70 105336
80 105336
90 105272
100 104318
110 104318
120 104318
130 104254
140 103904
150 103904
160 103904
170 103904
180 103904
190 103904
200 103904
210 103904
220 103482
230 103482
240 103482
250 103482
260 103482
270 103482
280 103238
290 103238
300 103056
310 103056
320 103056
330 103056
340 103056
350 103056
360 103056
370 102926
380 102494
390 102494
400 102494
410 102494
420 102494
430 102494
440 102494
450 102494
460 102494
470 102494
480 102494
490 102494
500 102494
510 102494
520 102448
530 102448
540 102448
550 102448
560 102448
570 102448
580 102448
590 102448
600 102448
610 102448
620 102448
630 102448
640 102448
650 102448
660 102326
670 102326
680 102326
690 102326
700 102092
710 102092
720 102092
730 101716
740 101716
750 101716
760 101716
770 101716
780 101716
790 101716
800 101716
810 101716
820 101716
830 101716
840 101716
850 101716
860 101716
870 101716
880 101716
890 101716
900 101716
910 101716
920 101404
930 101404
940 101404
950 101404
960 101404
970 101404
980 101404
990 101404
1000 101404
1010 101404
1020 101404
1030 101404
1040 101404
1050 101186
1060 101186
1070 101186
1080 101186
1090 101186
1100 101186
1110 101186
1120 101186
1130 101186
1140 101186
1150 101186
1160 101186
1170 101186
1180 101186
1190 100812
1200 100812
1210 100812
1220 100812
1230 100812
1240 100812
1250 100812
1260 100812
1270 100812
1280 100812
1290 100812
1300 100812
1310 100812
1320 100812
1330 100812
1340 100812
1350 100812
1360 100812
1370 100812
1380 100812
1390 100812
1400 100750
1410 100750
1420 100750
1430 100678
1440 100286
1450 100286
1460 100286
1470 100286
1480 100286
1490 100286
1500 100286
1510 100286
1520 100286
1530 100286
1540 100286
1550 100286
1560 100286
1570 100286
1580 100286
1590 100286
1600 100286
1610 100286
1620 100286
1630 100286
1640 100286
1650 100286
1660 100286
1670 100286
1680 100248
1690 100248
1700 100248
1710 100248
1720 100248
1730 100248
1740 99714
1750 99714
1760 99714
1770 99714
1780 99714
1790 99714
1800 99714
1810 99714
1820 99714
1830 99714
1840 99714
1850 99714
1860 99714
1870 99714
1880 99714
1890 99714
1900 99714
1910 99714
1920 99714
1930 99714
1940 99714
1950 99714
1960 99714
1970 99714
1980 99714
1990 99714
2000 99714
2010 99714
2020 99714
2030 99714
2040 99714
2050 99714
2060 99714
2070 99714
2080 99714
2090 99714
2100 99714
2110 99714
2120 99714
2130 99714
2140 99714
2150 99714
2160 99714
2170 99714
2180 99714
2190 99714
2200 99714
2210 99714
2220 99714
2230 99714
2240 99714
2250 99714
2260 99554
2270 99554
2280 99554
2290 99554
2300 99554
2310 99554
2320 99554
2330 99554
2340 99554
2350 99554
2360 99554
2370 99554
2380 99554
2390 99554
2400 99554
2410 99554
2420 99554
2430 99420
2440 99420
2450 99246
2460 99246
2470 99246
2480 99246
2490 99082
2500 99082
2510 99082
2520 99082
2530 99082
2540 99082
2550 99082
2560 99082
2570 99082
2580 99082
2590 99082
2600 99082
2610 98880
2620 98880
2630 98880
2640 98880
2650 98880
2660 98880
2670 98880
2680 98880
2690 98880
2700 98880
2710 98880
2720 98880
2730 98880
2740 98880
2750 98880
2760 98880
2770 98880
2780 98880
2790 98880
2800 98880
2810 98880
2820 98880
2830 98880
2840 98880
2850 98880
2860 98700
2870 98700
2880 98700
2890 98700
2900 98700
2910 98472
2920 98472
2930 98472
2940 98472
2950 98472
2960 98472
2970 98472
2980 98472
2990 98472
3000 98472
3010 98472
3020 98472
3030 98472
3040 98472
3050 98472
3060 98472
3070 98472
3080 98472
3090 98472
3100 98472
3110 98472
3120 98472
3130 98472
3140 98472
3150 98472
3160 98472
3170 98472
3180 98306
3190 98306
3200 98306
3210 98306
3220 98306
3230 98306
3240 98306
3250 98306
3260 98306
3270 98306
3280 98306
3290 98306
3300 98306
3310 98306
3320 98306
3330 98306
3340 98306
3350 98306
3360 98306
3370 98306
3380 98306
3390 98306
3400 98306
3410 98306
3420 98306
3430 98306
3440 98306
3450 98306
3460 98306
3470 98306
3480 98306
3490 98306
3500 98306
3510 98306
3520 98306
3530 98306
3540 98306
3550 98306
3560 98306
3570 98306
3580 98306
3590 98306
3600 98306
3610 98306
3620 98306
3630 98306
3640 98306
3650 98306
3660 98306
3670 98304
3680 98304
3690 98304
3700 98304
3710 98304
3720 98304
3730 98304
3740 98304
3750 98304
3760 98304
3770 98304
3780 98304
3790 98304
3800 98304
3810 98304
3820 98304
3830 98304
3840 98304
3850 98304
3860 98304
3870 98304
3880 98290
3890 98290
3900 98290
3910 98290
3920 98290
3930 98290
3940 98290
3950 98290
3960 98290
3970 98290
3980 98290
3990 98290
4000 98180
4010 98180
4020 98180
4030 98180
4040 98180
4050 98180
4060 98180
4070 98180
4080 98180
4090 98180
4100 98180
4110 98170
4120 98170
4130 98170
4140 98170
4150 98170
4160 98170
4170 98170
4180 98170
4190 98170
4200 98170
4210 98170
4220 98124
4230 98124
4240 98124
4250 98124
4260 98124
4270 98124
4280 98124
4290 98124
4300 98124
4310 98124
4320 98124
4330 98124
4340 98124
4350 98124
4360 98124
4370 98124
4380 98124
4390 98124
4400 98124
4410 98124
4420 98124
4430 98124
4440 98124
4450 98124
4460 98124
4470 98076
4480 98076
4490 98076
4500 98076
4510 98076
4520 98076
4530 98076
4540 98076
4550 98076
4560 98076
4570 98076
4580 98076
4590 98076
4600 98076
4610 98076
4620 98076
4630 98076
4640 98076
4650 97990
4660 97990
4670 97990
4680 97990
4690 97990
4700 97990
4710 97990
4720 97990
4730 97990
4740 97990
4750 97990
4760 97990
4770 97990
4780 97990
4790 97990
4800 97920
4810 97920
4820 97920
4830 97920
4840 97920
4850 97920
4860 97920
4870 97920
4880 97920
4890 97920
4900 97920
4910 97920
4920 97920
4930 97920
4940 97920
4950 97920
4960 97920
4970 97920
4980 97920
4990 97920
5000 97920
5010 97920
5020 97920
5030 97920
5040 97856
5050 97804
5060 97804
5070 97804
5080 97804
5090 97492
5100 97492
5110 97492
5120 97492
5130 97492
5140 97492
5150 97492
5160 97492
5170 97492
5180 97492
5190 97492
5200 97492
5210 97492
5220 97492
5230 97492
5240 97492
5250 97492
5260 97492
5270 97492
5280 97492
5290 97492
5300 97492
5310 97492
5320 97492
5330 97492
5340 97492
5350 97492
5360 97492
5370 97492
5380 97492
5390 97492
5400 97492
5410 97492
5420 97492
5430 97492
5440 97492
5450 97492
5460 97492
5470 97492
5480 97492
5490 97492
5500 97492
5510 97492
5520 97492
5530 97492
5540 97492
5550 97492
5560 97492
5570 97492
5580 97492
5590 97492
5600 97492
5610 97492
5620 97492
5630 97492
5640 97492
5650 97492
5660 97492
5670 97492
5680 97346
5690 97346
5700 97346
5710 97346
5720 97346
5730 97346
5740 97346
5750 97346
5760 97346
5770 97346
5780 97346
5790 97346
5800 97346
5810 97346
5820 97346
5830 97346
5840 97346
5850 97346
5860 97346
5870 97346
5880 97346
5890 97346
5900 97346
5910 97346
5920 97346
5930 97346
5940 97346
5950 97346
5960 97346
5970 97346
5980 97346
5990 97346
6000 97346
6010 97346
6020 97346
6030 97346
6040 97346
6050 97346
6060 97346
6070 97346
6080 97346
6090 97346
6100 97346
6110 97346
6120 97346
6130 97346
6140 97346
6150 97346
6160 97346
6170 97346
6180 97346
6190 97346
6200 97346
6210 97346
6220 97346
6230 97346
6240 97346
6250 97346
6260 97346
6270 97346
6280 97346
6290 97346
6300 97346
6310 97346
6320 97346
6330 97346
6340 97346
6350 97346
6360 97346
6370 97346
6380 97346
6390 97346
6400 97346
6410 97346
6420 97346
6430 97346
6440 97346
6450 97346
6460 97346
6470 97234
6480 97234
6490 97234
6500 97234
6510 97234
6520 97234
6530 97234
6540 97234
6550 97234
6560 97234
6570 97234
6580 97234
6590 97234
6600 97234
6610 97234
6620 97234
6630 97234
6640 97234
6650 97234
6660 97234
6670 97234
6680 97234
6690 97234
6700 97234
6710 97234
6720 97234
6730 97234
6740 97234
6750 97234
6760 97234
6770 97234
6780 97234
6790 97234
6800 97234
6810 97234
6820 97234
6830 97234
6840 97234
6850 97234
6860 97234
6870 97234
6880 97234
6890 97234
6900 97234
6910 97234
6920 97234
6930 97234
6940 97234
6950 97234
6960 97234
6970 97234
6980 97234
6990 97234
7000 97234
7010 97234
7020 97234
7030 97234
7040 97234
7050 97234
7060 97148
7070 97148
7080 97148
7090 97148
7100 97148
7110 97148
7120 97148
7130 97148
7140 97148
7150 97148
7160 97148
7170 97148
7180 97148
7190 97148
7200 97148
7210 97148
7220 97148
7230 97148
7240 97148
7250 97148
7260 97148
7270 97116
7280 97116
7290 97116
7300 97116
7310 97116
7320 97116
7330 97116
7340 97116
7350 97116
7360 97116
7370 97116
7380 97116
7390 97116
7400 97116
7410 97116
7420 97116
7430 97116
7440 97116
7450 97116
7460 97116
7470 97116
7480 97116
7490 97116
7500 97116
7510 97116
7520 97116
7530 97116
7540 97116
7550 97116
7560 97116
7570 97116
7580 97116
7590 97116
7600 97116
7610 97116
7620 97116
7630 97116
7640 97116
7650 97116
7660 97116
7670 97116
7680 97116
7690 97116
7700 97116
7710 97116
7720 97116
7730 97116
7740 97116
7750 97116
7760 97116
7770 97116
7780 97054
7790 97054
7800 97054
7810 97054
7820 97054
7830 97054
7840 97054
7850 97054
7860 97054
7870 97054
7880 97054
7890 97054
7900 97054
7910 97054
7920 97054
7930 97054
7940 97054
7950 97054
7960 97054
7970 97054
7980 96994
7990 96994
8000 96994
8010 96994
8020 96994
8030 96994
8040 96994
8050 96994
8060 96994
8070 96994
8080 96994
8090 96994
8100 96994
8110 96994
8120 96994
8130 96994
8140 96994
8150 96994
8160 96994
8170 96994
8180 96994
8190 96994
8200 96994
8210 96994
8220 96994
8230 96994
8240 96994
8250 96994
8260 96994
8270 96994
8280 96994
8290 96994
8300 96994
8310 96994
8320 96994
8330 96994
8340 96994
8350 96994
8360 96994
8370 96994
8380 96994
8390 96994
8400 96994
8410 96994
8420 96994
8430 96994
8440 96994
8450 96994
8460 96994
8470 96994
8480 96994
8490 96994
8500 96994
8510 96994
8520 96994
8530 96990
8540 96990
8550 96990
8560 96990
8570 96990
8580 96990
8590 96990
8600 96990
8610 96990
8620 96990
8630 96990
8640 96990
8650 96814
8660 96814
8670 96814
8680 96814
8690 96814
8700 96814
8710 96814
8720 96814
8730 96814
8740 96814
8750 96814
8760 96814
8770 96814
8780 96814
8790 96796
8800 96796
8810 96796
8820 96796
8830 96796
8840 96796
8850 96796
8860 96796
8870 96796
8880 96796
8890 96796
8900 96796
8910 96796
8920 96796
8930 96796
8940 96796
8950 96796
8960 96796
8970 96796
8980 96796
8990 96796
9000 96796
9010 96796
9020 96796
9030 96796
9040 96796
9050 96796
9060 96796
9070 96796
9080 96796
9090 96796
9100 96796
9110 96796
9120 96796
9130 96796
9140 96796
9150 96796
9160 96796
9170 96796
9180 96796
9190 96796
9200 96796
9210 96796
9220 96694
9230 96694
9240 96694
9250 96694
9260 96694
9270 96694
9280 96694
9290 96694
9300 96694
9310 96694
9320 96694
9330 96694
9340 96694
9350 96694
9360 96694
9370 96694
9380 96694
9390 96694
9400 96694
9410 96694
9420 96694
9430 96680
9440 96680
9450 96680
9460 96680
9470 96680
9480 96680
9490 96680
9500 96680
9510 96680
9520 96680
9530 96680
9540 96680
9550 96680
9560 96680
9570 96680
9580 96680
9590 96680
9600 96680
9610 96680
9620 96680
9630 96680
9640 96680
9650 96680
9660 96680
9670 96680
9680 96680
9690 96680
9700 96680
9710 96680
9720 96680
9730 96680
9740 96680
9750 96680
9760 96680
9770 96680
9780 96680
9790 96680
9800 96680
9810 96680
9820 96680
9830 96680
9840 96680
9850 96680
9860 96680
9870 96680
9880 96680
9890 96680
9900 96680
9910 96680
9920 96680
9930 96680
9940 96680
9950 96680
9960 96680
9970 96680
9980 96680
9990 96680
10000 96680
10010 96680
10020 96680
10030 96680
10040 96680
10050 96680
10060 96680
10070 96680
10080 96680
10090 96680
10100 96680
10110 96680
10120 96680
10130 96680
10140 96680
10150 96662
10160 96662
10170 96662
10180 96662
10190 96662
10200 96662
10210 96662
10220 96662
10230 96662
10240 96662
10250 96662
10260 96662
10270 96662
10280 96662
10290 96662
10300 96662
10310 96662
10320 96662
10330 96662
10340 96662
10350 96662
10360 96648
10370 96648
10380 96648
10390 96648
10400 96648
10410 96648
10420 96648
10430 96648
10440 96648
10450 96648
10460 96648
10470 96648
10480 96648
10490 96648
10500 96648
10510 96648
10520 96648
10530 96648
10540 96648
10550 96648
10560 96648
10570 96648
10580 96648
10590 96648
10600 96648
10610 96628
10620 96628
10630 96458
10640 96458
10650 96458
10660 96458
10670 96458
10680 96458
10690 96458
10700 96400
10710 96400
10720 96400
10730 96400
10740 96400
10750 96400
10760 96400
10770 96400
10780 96400
10790 96400
10800 96400
10810 96400
10820 96400
10830 96400
10840 96400
10850 96400
10860 96400
10870 96400
10880 96400
10890 96400
10900 96400
10910 96400
10920 96400
10930 96400
10940 96400
10950 96400
10960 96400
10970 96400
10980 96400
10990 96400
11000 96400
11010 96400
11020 96400
11030 96400
11040 96400
11050 96400
11060 96400
11070 96400
11080 96400
11090 96400
11100 96400
11110 96400
11120 96400
11130 96400
11140 96400
11150 96400
11160 96400
11170 96400
11180 96400
11190 96400
11200 96400
11210 96400
11220 96400
11230 96400
11240 96400
11250 96400
11260 96400
11270 96400
11280 96400
11290 96400
11300 96400
11310 96400
11320 96370
11330 96370
11340 96242
11350 96242
11360 96242
11370 96242
11380 96242
11390 96242
11400 96242
11410 96242
11420 96242
11430 96242
11440 96242
11450 96242
11460 96242
11470 96242
11480 96242
11490 96242
11500 96242
11510 96242
11520 96242
11530 96242
11540 96242
11550 96242
11560 96242
11570 96242
11580 96242
11590 96242
11600 96242
11610 96242
11620 96242
11630 96242
11640 96242
11650 96242
11660 96242
11670 96242
11680 96242
11690 96242
11700 96242
11710 96242
11720 96242
11730 96242
11740 96242
11750 96242
11760 96242
11770 96242
11780 96242
11790 96242
11800 96242
11810 96242
11820 96242
11830 96242
11840 96242
11850 96242
11860 96242
11870 96242
11880 96242
11890 96242
11900 96242
11910 96242
11920 96242
11930 96242
11940 96242
11950 96242
11960 96242
11970 96242
11980 96242
11990 96242
12000 96242
12010 96242
12020 96242
12030 96242
12040 96242
12050 96242
12060 96242
12070 96242
12080 96242
12090 96242
12100 96194
12110 96194
12120 96194
12130 96194
12140 96194
12150 96194
12160 96194
12170 96194
12180 96194
12190 96194
12200 96194
12210 96194
12220 96194
12230 96194
12240 96194
12250 96194
12260 96194
12270 96194
12280 96194
12290 96194
12300 96194
12310 96194
12320 96194
12330 96194
12340 96194
12350 96194
12360 96194
12370 96194
12380 96194
12390 96194
12400 96194
12410 96194
12420 96194
12430 96194
12440 96194
12450 96194
12460 96194
12470 96194
12480 96194
12490 96194
12500 96194
12510 96194
12520 96124
12530 96076
12540 96076
12550 96076
12560 96076
12570 96076
12580 96076
12590 96076
12600 96076
12610 96076
12620 96076
12630 96076
12640 96076
12650 96076
12660 96076
12670 96076
12680 96076
12690 96076
12700 96076
12710 96076
12720 96076
12730 96076
12740 96076
12750 96076
12760 96076
12770 96076
12780 96076
12790 96076
12800 96076
12810 96076
12820 96076
12830 95998
12840 95998
12850 95998
12860 95998
12870 95998
12880 95998
12890 95998
12900 95998
12910 95998
12920 95998
12930 95998
12940 95998
12950 95998
12960 95998
12970 95998
12980 95998
12990 95998
13000 95998
13010 95998
13020 95998
13030 95998
13040 95998
13050 95998
13060 95998
13070 95998
13080 95998
13090 95998
13100 95998
13110 95998
13120 95998
13130 95998
13140 95998
13150 95998
13160 95998
13170 95998
13180 95998
13190 95998
13200 95998
13210 95998
13220 95998
13230 95998
13240 95998
13250 95998
13260 95998
13270 95998
13280 95998
13290 95998
13300 95998
13310 95998
13320 95998
13330 95998
13340 95998
13350 95998
13360 95998
13370 95998
13380 95998
13390 95998
13400 95998
13410 95998
13420 95998
13430 95998
13440 95998
13450 95998
13460 95998
13470 95998
13480 95998
13490 95998
13500 95998
13510 95998
13520 95998
13530 95998
13540 95998
13550 95998
13560 95998
13570 95998
13580 95998
13590 95998
13600 95998
13610 95998
13620 95998
13630 95998
13640 95998
13650 95998
13660 95998
13670 95998
13680 95998
13690 95998
13700 95998
13710 95998
13720 95998
13730 95998
13740 95998
13750 95998
13760 95998
13770 95998
13780 95998
13790 95974
13800 95974
13810 95974
13820 95974
13830 95974
13840 95974
13850 95974
13860 95974
13870 95974
13880 95974
13890 95952
13900 95952
13910 95952
13920 95952
13930 95952
13940 95952
13950 95952
13960 95952
13970 95952
13980 95952
13990 95952
14000 95952
14010 95952
14020 95952
14030 95952
14040 95952
14050 95952
14060 95952
14070 95952
14080 95952
14090 95952
14100 95952
14110 95952
14120 95952
14130 95952
14140 95952
14150 95952
14160 95952
14170 95952
14180 95952
14190 95952
14200 95952
14210 95952
14220 95952
14230 95952
14240 95952
14250 95952
14260 95952
14270 95952
14280 95952
14290 95952
14300 95952
14310 95952
14320 95952
14330 95952
14340 95952
14350 95952
14360 95952
14370 95952
14380 95952
14390 95952
14400 95952
14410 95952
14420 95952
14430 95952
14440 95952
14450 95952
14460 95952
14470 95952
14480 95952
14490 95952
14500 95952
14510 95952
14520 95922
14530 95922
14540 95922
14550 95922
14560 95922
14570 95922
14580 95922
14590 95922
14600 95922
14610 95922
14620 95922
14630 95922
14640 95906
14650 95906
14660 95906
14670 95906
14680 95906
14690 95906
14700 95906
14710 95906
14720 95906
14730 95906
14740 95906
14750 95906
14760 95906
14770 95906
14780 95834
14790 95834
14800 95830
14810 95830
14820 95830
14830 95830
14840 95830
14850 95830
14860 95830
14870 95830
14880 95830
14890 95830
14900 95830
14910 95830
14920 95830
14930 95830
14940 95830
14950 95830
14960 95830
14970 95830
14980 95830
14990 95830
15000 95830
15010 95830
15020 95830
15030 95830
15040 95830
15050 95830
15060 95830
15070 95830
15080 95830
15090 95830
15100 95830
15110 95830
15120 95830
15130 95830
15140 95830
15150 95830
15160 95830
15170 95830
15180 95830
15190 95830
15200 95830
15210 95830
15220 95830
15230 95830
15240 95830
15250 95830
15260 95830
15270 95830
15280 95830
15290 95830
15300 95830
15310 95830
15320 95830
15330 95830
15340 95830
15350 95830
15360 95830
15370 95830
15380 95830
15390 95830
15400 95830
15410 95830
15420 95830
15430 95830
15440 95830
15450 95830
15460 95830
15470 95830
15480 95830
15490 95830
15500 95830
15510 95830
15520 95818
15530 95818
15540 95818
15550 95818
15560 95818
15570 95818
15580 95818
15590 95818
15600 95818
15610 95818
15620 95818
15630 95818
15640 95818
15650 95818
15660 95818
15670 95818
15680 95818
15690 95818
15700 95818
15710 95818
15720 95818
15730 95818
15740 95718
15750 95718
15760 95718
15770 95718
15780 95718
15790 95718
15800 95718
15810 95718
15820 95718
15830 95718
15840 95718
15850 95718
15860 95718
15870 95676
15880 95632
15890 95632
15900 95632
15910 95632
15920 95632
15930 95632
15940 95632
15950 95632
15960 95632
15970 95632
15980 95632
15990 95632
16000 95632
16010 95632
16020 95632
16030 95632
16040 95632
16050 95632
16060 95632
16070 95632
16080 95632
16090 95632
16100 95632
16110 95632
16120 95632
16130 95632
16140 95632
16150 95632
16160 95632
16170 95632
16180 95632
16190 95632
16200 95632
16210 95632
16220 95632
16230 95632
16240 95632
16250 95632
16260 95632
16270 95632
16280 95632
16290 95632
16300 95632
16310 95632
16320 95632
16330 95632
16340 95632
16350 95632
16360 95632
16370 95632
16380 95632
16390 95632
16400 95632
16410 95632
16420 95632
16430 95632
16440 95632
16450 95632
16460 95632
16470 95632
16480 95632
16490 95632
16500 95632
16510 95632
16520 95632
16530 95632
16540 95632
16550 95632
16560 95632
16570 95632
16580 95632
16590 95632
16600 95616
16610 95616
16620 95616
16630 95616
16640 95616
16650 95616
16660 95616
16670 95616
16680 95616
16690 95616
16700 95616
16710 95616
16720 95616
16730 95616
16740 95616
16750 95596
16760 95596
16770 95596
16780 95596
16790 95596
16800 95596
16810 95596
16820 95596
16830 95596
16840 95596
16850 95596
16860 95596
16870 95596
16880 95596
16890 95596
16900 95596
16910 95596
16920 95596
16930 95596
16940 95584
16950 95584
16960 95584
16970 95584
16980 95584
16990 95584
17000 95584
17010 95584
17020 95584
17030 95584
17040 95584
17050 95584
17060 95584
17070 95584
17080 95584
17090 95584
17100 95584
17110 95584
17120 95584
17130 95584
17140 95584
17150 95584
17160 95584
17170 95584
17180 95584
17190 95584
17200 95584
17210 95584
17220 95584
17230 95584
17240 95584
17250 95584
17260 95584
17270 95584
17280 95584
17290 95584
17300 95584
17310 95584
17320 95584
17330 95576
17340 95576
17350 95576
17360 95576
17370 95576
17380 95576
17390 95576
17400 95576
17410 95576
17420 95576
17430 95576
17440 95576
17450 95576
17460 95576
17470 95576
17480 95560
17490 95560
17500 95560
17510 95560
17520 95560
17530 95560
17540 95560
17550 95560
17560 95560
17570 95560
17580 95560
17590 95560
17600 95560
17610 95560
17620 95560
17630 95560
17640 95560
17650 95560
17660 95560
17670 95560
17680 95560
17690 95560
17700 95560
17710 95560
17720 95560
17730 95560
17740 95560
17750 95560
17760 95560
17770 95560
17780 95560
17790 95560
17800 95560
17810 95560
17820 95560
17830 95560
17840 95560
17850 95560
17860 95560
17870 95560
17880 95560
17890 95560
17900 95560
17910 95560
17920 95560
17930 95560
17940 95560
17950 95560
17960 95560
17970 95560
17980 95560
17990 95560
18000 95560
18010 95560
18020 95560
18030 95524
18040 95524
18050 95524
18060 95524
18070 95524
18080 95524
18090 95524
18100 95524
18110 95524
18120 95524
18130 95524
18140 95524
18150 95524
18160 95524
18170 95524
18180 95524
18190 95524
18200 95524
18210 95524
18220 95524
18230 95524
18240 95524
18250 95524
18260 95524
18270 95524
18280 95524
18290 95524
18300 95524
18310 95524
18320 95524
18330 95524
18340 95524
18350 95524
18360 95524
18370 95524
18380 95524
18390 95524
18400 95524
18410 95524
18420 95524
18430 95524
18440 95524
18450 95524
18460 95524
18470 95524
18480 95524
18490 95524
18500 95524
18510 95524
18520 95524
18530 95524
18540 95524
18550 95524
18560 95524
18570 95524
18580 95524
18590 95524
18600 95524
18610 95524
18620 95524
18630 95524
18640 95524
18650 95524
18660 95524
18670 95524
18680 95524
18690 95524
18700 95524
18710 95524
18720 95524
18730 95524
18740 95524
18750 95524
18760 95524
18770 95524
18780 95524
18790 95524
18800 95524
18810 95524
18820 95524
18830 95524
18840 95524
18850 95524
18860 95524
18870 95524
18880 95524
18890 95524
18900 95524
18910 95524
18920 95524
18930 95524
18940 95524
18950 95524
18960 95524
18970 95524
18980 95524
18990 95524
19000 95524
19010 95524
19020 95524
19030 95524
19040 95524
19050 95524
19060 95524
19070 95524
19080 95524
19090 95524
19100 95524
19110 95524
19120 95524
19130 95524
19140 95524
19150 95502
19160 95502
19170 95502
19180 95502
19190 95482
19200 95482
19210 95482
19220 95482
19230 95482
19240 95482
19250 95482
19260 95482
19270 95482
19280 95482
19290 95482
19300 95482
19310 95482
19320 95482
19330 95482
19340 95482
19350 95482
19360 95482
19370 95482
19380 95482
19390 95482
19400 95482
19410 95482
19420 95482
19430 95482
19440 95482
19450 95482
19460 95482
19470 95482
19480 95482
19490 95482
19500 95482
19510 95482
19520 95482
19530 95482
19540 95482
19550 95482
19560 95482
19570 95482
19580 95482
19590 95482
19600 95482
19610 95482
19620 95482
19630 95482
19640 95482
19650 95444
19660 95444
19670 95444
19680 95444
19690 95444
19700 95444
19710 95444
19720 95444
19730 95444
19740 95444
19750 95438
19760 95438
19770 95438
19780 95438
19790 95438
19800 95438
19810 95438
19820 95438
19830 95438
19840 95438
19850 95438
19860 95438
19870 95438
19880 95438
19890 95438
19900 95438
19910 95438
19920 95438
19930 95392
19940 95392
19950 95392
19960 95392
19970 95392
19980 95392
19990 95392
20000 95392
20010 95392
20020 95392
20030 95392
20040 95392
20050 95392
20060 95392
20070 95392
20080 95392
20090 95392
20100 95392
20110 95392
20120 95392
20130 95392
20140 95392
20150 95392
20160 95392
20170 95392
20180 95392
20190 95392
20200 95392
20210 95392
20220 95392
20230 95392
20240 95392
20250 95392
20260 95392
20270 95392
20280 95392
20290 95392
20300 95392
20310 95392
20320 95392
20330 95392
20340 95392
20350 95392
20360 95392
20370 95392
20380 95392
20390 95392
20400 95392
20410 95392
20420 95392
20430 95392
20440 95392
20450 95392
20460 95392
20470 95392
20480 95392
20490 95392
20500 95392
20510 95392
20520 95392
20530 95392
20540 95392
20550 95392
20560 95392
20570 95392
20580 95392
20590 95392
20600 95392
20610 95392
20620 95392
20630 95392
20640 95392
20650 95392
20660 95392
20670 95392
20680 95392
20690 95392
20700 95392
20710 95392
20720 95392
20730 95392
20740 95392
20750 95354
20760 95354
20770 95354
20780 95354
20790 95354
20800 95354
20810 95354
20820 95354
20830 95354
20840 95354
20850 95354
20860 95354
20870 95354
20880 95354
20890 95342
20900 95342
20910 95342
20920 95342
20930 95342
20940 95342
20950 95342
20960 95342
20970 95342
20980 95342
20990 95342
21000 95342
21010 95342
21020 95342
21030 95342
21040 95342
21050 95342
21060 95342
21070 95342
21080 95342
21090 95342
21100 95342
21110 95342
21120 95342
21130 95342
21140 95342
21150 95342
21160 95342
21170 95342
21180 95294
21190 95294
21200 95294
21210 95294
21220 95294
21230 95294
21240 95264
21250 95264
21260 95264
21270 95264
21280 95264
21290 95264
21300 95264
21310 95264
21320 95264
21330 95264
21340 95264
21350 95264
21360 95264
21370 95264
21380 95264
21390 95264
21400 95264
21410 95264
21420 95264
21430 95264
21440 95264
21450 95264
21460 95264
21470 95264
21480 95264
21490 95264
21500 95264
21510 95264
21520 95264
21530 95264
21540 95264
21550 95264
21560 95264
21570 95264
21580 95264
21590 95264
21600 95264
21610 95264
21620 95264
21630 95264
21640 95264
21650 95264
21660 95264
21670 95264
21680 95264
21690 95264
21700 95264
21710 95264
21720 95262
21730 95262
21740 95262
21750 95262
21760 95262
21770 95262
21780 95262
21790 95262
21800 95262
21810 95262
21820 95262
21830 95254
21840 95254
21850 95254
21860 95254
21870 95254
21880 95254
21890 95254
21900 95254
21910 95254
21920 95254
21930 95254
21940 95254
21950 95254
21960 95254
21970 95254
21980 95254
21990 95254
22000 95254
22010 95254
22020 95254
22030 95254
22040 95254
22050 95254
22060 95254
22070 95204
22080 95204
22090 95204
22100 95204
22110 95204
22120 95204
22130 95204
22140 95204
22150 95204
22160 95204
22170 95202
22180 95202
22190 95202
22200 95202
22210 95202
22220 95202
22230 95202
22240 95202
22250 95202
22260 95202
22270 95202
22280 95202
22290 95202
22300 95202
22310 95202
22320 95202
22330 95202
22340 95202
22350 95202
22360 95202
22370 95184
22380 95184
22390 95184
22400 95184
22410 95184
22420 95184
22430 95184
22440 95184
22450 95184
22460 95184
22470 94944
22480 94944
22490 94944
22500 94944
22510 94944
22520 94944
22530 94944
22540 94944
22550 94944
22560 94944
22570 94944
22580 94944
22590 94944
22600 94944
22610 94944
22620 94944
22630 94944
22640 94944
22650 94944
22660 94944
22670 94944
22680 94944
22690 94944
22700 94944
22710 94944
22720 94944
22730 94944
22740 94944
22750 94944
22760 94944
22770 94944
22780 94944
22790 94944
22800 94944
22810 94944
22820 94944
22830 94944
22840 94944
22850 94944
22860 94944
22870 94944
22880 94944
22890 94944
22900 94944
22910 94944
22920 94944
22930 94944
22940 94944
22950 94944
22960 94944
22970 94944
22980 94944
22990 94944
23000 94944
23010 94944
23020 94944
23030 94944
23040 94944
23050 94944
23060 94944
23070 94944
23080 94944
23090 94944
23100 94944
23110 94944
23120 94944
23130 94944
23140 94944
23150 94944
23160 94944
23170 94944
23180 94944
23190 94944
23200 94944
23210 94944
23220 94944
23230 94944
23240 94944
23250 94944
23260 94944
23270 94944
23280 94944
23290 94944
23300 94944
23310 94944
23320 94944
23330 94944
23340 94944
23350 94944
23360 94944
23370 94944
23380 94944
23390 94944
23400 94944
23410 94944
23420 94944
23430 94944
23440 94944
23450 94944
23460 94944
23470 94944
23480 94944
23490 94944
23500 94944
23510 94944
23520 94944
23530 94944
23540 94944
23550 94944
23560 94944
23570 94944
23580 94944
23590 94944
23600 94944
23610 94944
23620 94944
23630 94944
23640 94944
23650 94944
23660 94944
23670 94944
23680 94944
23690 94944
23700 94944
23710 94944
23720 94944
23730 94944
23740 94944
23750 94944
23760 94944
23770 94944
23780 94944
23790 94944
23800 94944
23810 94944
23820 94944
23830 94944
23840 94944
23850 94944
23860 94944
23870 94944
23880 94944
23890 94944
23900 94944
23910 94944
23920 94944
23930 94944
23940 94944
23950 94944
23960 94944
23970 94944
23980 94944
23990 94944
24000 94944
24010 94944
24020 94944
24030 94944
24040 94944
24050 94944
24060 94944
24070 94944
24080 94944
24090 94944
24100 94944
24110 94944
24120 94944
24130 94944
24140 94944
24150 94944
24160 94944
24170 94944
24180 94944
24190 94944
24200 94944
24210 94944
24220 94944
24230 94944
24240 94944
24250 94944
24260 94944
24270 94872
24280 94872
24290 94872
24300 94872
24310 94872
24320 94872
24330 94872
24340 94872
24350 94872
24360 94872
24370 94872
24380 94872
24390 94872
24400 94872
24410 94872
24420 94872
24430 94872
24440 94872
24450 94872
24460 94872
24470 94872
24480 94872
24490 94872
24500 94872
24510 94872
24520 94872
24530 94872
24540 94872
24550 94872
24560 94872
24570 94872
24580 94872
24590 94872
24600 94872
24610 94872
24620 94872
24630 94872
24640 94872
24650 94872
24660 94872
24670 94872
24680 94872
24690 94872
24700 94872
24710 94872
24720 94872
24730 94872
24740 94872
24750 94872
24760 94872
24770 94872
24780 94872
24790 94872
24800 94872
24810 94872
24820 94872
24830 94872
24840 94872
24850 94872
24860 94872
24870 94872
24880 94872
24890 94872
24900 94872
24910 94872
24920 94872
24930 94872
24940 94872
24950 94872
24960 94872
24970 94872
24980 94872
24990 94872
