0 51140576
10 51140576
20 51140576
30 51140576
40 51140576
50 51140576
60 50859640
70 50859640
80 50859640
90 50859640
100 50859640
110 50859640
120 50859640
130 50859640
140 50859640
150 50859640
160 50597592
170 50597592
180 50264620
190 50264620
200 50264620
210 50264620
220 50264620
230 50264620
240 50264620
250 50264620
260 50264620
270 50264620
280 50264620
290 50264620
300 50264620
310 50264620
320 50264620
330 50185146
340 50102452
350 50102452
360 50102452
370 50102452
380 50102452
390 50102452
400 50102452
410 50102452
420 50102452
430 50102452
440 50102452
450 50072400
460 50072400
470 50072400
480 50072400
490 50072400
500 50072400
510 50072400
520 50072400
530 50072400
540 50072400
550 50072400
560 50072400
570 50072400
580 50072400
590 50072400
600 50070870
610 50070870
620 50070870
630 50070870
640 49948066
650 49948066
660 49948066
670 49948066
680 49948066
690 49948066
700 49948066
710 49948066
720 49948066
730 49948066
740 49442082
750 49442082
760 49442082
770 49442082
780 49442082
790 49442082
800 49442082
810 49442082
820 49442082
830 49442082
840 49442082
850 49442082
860 49442082
870 49442082
880 49442082
890 49442082
900 49442082
910 49442082
920 49442082
930 49442082
940 49442082
950 49442082
960 49442082
970 49442082
980 49442082
990 49442082
1000 49442082
1010 49442082
1020 49442082
1030 49442082
1040 49442082
1050 49442082
1060 49442082
1070 49442082
1080 49442082
1090 49442082
1100 49442082
1110 49442082
1120 49442082
1130 49442082
1140 49442082
1150 49442082
1160 49442082
1170 49442082
1180 49442082
1190 49442082
1200 49442082
1210 49442082
1220 49442082
1230 49262396
1240 49262396
1250 49262396
1260 49262396
1270 49262396
1280 49262396
1290 49262396
1300 49262396
1310 49262396
1320 49262396
1330 49262396
1340 49262396
1350 49262396
1360 49262396
1370 49262396
1380 49262396
1390 49262396
1400 49262396
1410 49262396
1420 49262396
1430 49262396
1440 49262396
1450 49262396
1460 49262396
1470 49262396
1480 49262396
1490 49262396
1500 49262396
1510 49262396
1520 49262396
1530 49262396
1540 49262396
1550 49262396
1560 49262396
1570 49262396
1580 49262396
1590 49262396
1600 49262396
1610 49262396
1620 49262396
1630 49262396
1640 49262396
1650 49262396
1660 49262396
1670 49262396
1680 49262396
1690 49262396
1700 49262396
1710 49262396
1720 49262396
1730 49262396
1740 49262396
1750 49262396
1760 49262396
1770 49262396
1780 49262396
1790 49262396
1800 49262396
1810 49262396
1820 49262396
1830 49262396
1840 49262396
1850 49262396
1860 49262396
1870 49262396
1880 49262396
1890 49262396
1900 49262396
1910 49262396
1920 49262396
1930 49262396
1940 49262396
1950 49262396
1960 49262396
1970 49262396
1980 49262396
1990 49262396
2000 49262396
2010 49262396
2020 49262396
2030 49262396
2040 49262396
2050 49262396
2060 49262396
2070 49262396
2080 49262396
2090 49262396
2100 49262396
2110 49262396
2120 49262396
2130 49262396
2140 49262396
2150 49262396
2160 49262396
2170 49262396
2180 49262396
2190 49262396
2200 49262396
2210 49262396
2220 49262396
2230 49262396
2240 49262396
2250 49262396
2260 49262396
2270 49262396
2280 49262396
2290 49262396
2300 49262396
2310 49262396
2320 49262396
2330 49262396
2340 49262396
2350 49262396
2360 49262396
2370 49262396
2380 49262396
2390 49262396
2400 49262396
2410 49262396
2420 49262396
2430 49262396
2440 49262396
2450 49262396
2460 49262396
2470 49262396
2480 49262396
2490 49262396
2500 49262396
2510 49262396
2520 49262396
2530 49262396
2540 49262396
2550 49262396
2560 49262396
2570 49262396
2580 49262396
2590 49262396
2600 49262396
2610 49262396
2620 49262396
2630 49262396
2640 49262396
2650 49262396
2660 49262396
2670 49262396
2680 49262396
2690 49262396
2700 49262396
2710 49262396
2720 49262396
2730 49262396
2740 49262396
2750 49262396
2760 49262396
2770 49262396
2780 49262396
2790 49262396
2800 49262396
2810 49262396
2820 49262396
2830 49262396
2840 49262396
2850 49262396
2860 49262396
2870 49262396
2880 49262396
2890 49262396
2900 49262396
2910 49262396
2920 49262396
2930 49262396
2940 49262396
2950 49262396
2960 49262396
2970 49262396
2980 49262396
2990 49262396
3000 49262396
3010 49262396
3020 49262396
3030 49262396
3040 49262396
3050 49262396
3060 49262396
3070 49262396
3080 49262396
3090 49262396
3100 49262396
3110 49262396
3120 49262396
3130 49262396
3140 49262396
3150 49262396
3160 49262396
3170 49262396
3180 49262396
3190 49262396
3200 49262396
3210 49262396
3220 49262396
3230 49262396
3240 49262396
3250 49262396
3260 49262396
3270 49262396
3280 49262396
3290 49262396
3300 49262396
3310 49262396
3320 49262396
3330 49262396
3340 49262396
3350 49262396
3360 49262396
3370 49262396
3380 49262396
3390 49262396
3400 49262396
3410 49262396
3420 49262396
3430 49262396
3440 49262396
3450 49262396
3460 49262396
3470 49262396
3480 49262396
3490 49262396
3500 49262396
3510 49111228
3520 49111228
3530 49111228
3540 49111228
3550 49111228
3560 49111228
3570 49111228
3580 49111228
3590 49111228
3600 49111228
3610 49111228
3620 49111228
3630 49111228
3640 49111228
3650 49111228
3660 49111228
3670 49111228
3680 49111228
3690 49111228
3700 49111228
3710 49111228
3720 49111228
3730 49111228
3740 49111228
3750 49111228
3760 49111228
3770 49111228
3780 49111228
3790 49111228
3800 49111228
3810 49111228
3820 49111228
3830 49111228
3840 49111228
3850 49111228
3860 49111228
3870 49111228
3880 49111228
3890 49111228
3900 49111228
3910 49111228
3920 49111228
3930 49111228
3940 49111228
3950 49111228
3960 49111228
3970 49111228
3980 49111228
3990 49111228
4000 49111228
4010 49111228
4020 49111228
4030 49111228
4040 49111228
4050 49111228
4060 49111228
4070 49111228
4080 49070436
4090 49070436
4100 49070436
4110 49070436
4120 49070436
4130 49070436
4140 49070436
4150 49070436
4160 49070436
4170 49070436
4180 49070436
4190 49070436
4200 49070436
4210 49070436
4220 49070436
4230 49070436
4240 49070436
4250 49070436
4260 49070436
4270 49070436
4280 49070436
4290 49070436
4300 49070436
4310 49070436
4320 49070436
4330 49070436
4340 49070436
4350 49070436
4360 49070436
4370 49070436
4380 49070436
4390 49070436
4400 49070436
4410 49070436
4420 49070436
4430 49070436
4440 49070436
4450 49070436
4460 49070436
4470 49070436
4480 49070436
4490 49070436
4500 49070436
4510 49070436
4520 49070436
4530 49070436
4540 49070436
4550 49070436
4560 49046410
4570 49046410
4580 49046410
4590 49046410
4600 49046410
4610 49046410
4620 49046410
4630 49046410
4640 49046410
4650 49046410
4660 49046410
4670 49046410
4680 49046410
4690 49046410
4700 49046410
4710 49046410
4720 49046410
4730 49046410
4740 49019254
4750 49019254
4760 49019254
4770 49019254
4780 49019254
4790 49019254
4800 49019254
4810 49019254
4820 49019254
4830 49019254
4840 49019254
4850 49019254
4860 49019254
4870 49019254
4880 49019254
4890 49019254
4900 49019254
4910 49019254
4920 49019254
4930 49019254
4940 49019254
4950 49019254
4960 49019254
4970 49019254
4980 49019254
4990 49019254
5000 49019254
5010 49019254
5020 49019254
5030 49019254
5040 48995496
5050 48995496
5060 48995496
5070 48995496
5080 48995496
5090 48995496
5100 48995496
5110 48995496
5120 48995496
5130 48995496
5140 48995496
5150 48995496
5160 48995496
5170 48995496
5180 48995496
5190 48995496
5200 48995496
5210 48995496
5220 48995496
5230 48995496
5240 48995496
5250 48995496
5260 48995496
5270 48995496
5280 48995496
5290 48995496
5300 48995496
5310 48995496
5320 48995496
5330 48995496
5340 48995496
5350 48995496
5360 48995496
5370 48995496
5380 48995496
5390 48995496
5400 48995496
5410 48995496
5420 48995496
5430 48995496
5440 48995496
5450 48995496
5460 48995496
5470 48995496
5480 48995496
5490 48995496
5500 48995496
5510 48995496
5520 48995496
5530 48995496
5540 48995496
5550 48995496
5560 48995496
5570 48995496
5580 48995496
5590 48995496
5600 48995496
5610 48995496
5620 48995496
5630 48995496
5640 48995496
5650 48995496
5660 48995496
5670 48995496
5680 48995496
5690 48995496
5700 48995496
5710 48995496
5720 48995496
5730 48995496
5740 48995496
5750 48995496
5760 48995496
5770 48995496
5780 48995496
5790 48995496
5800 48995496
5810 48995496
5820 48995496
5830 48995496
5840 48995496
5850 48995496
5860 48995496
5870 48995496
5880 48995496
5890 48995496
5900 48995496
5910 48995496
5920 48995496
5930 48995496
5940 48995496
5950 48995496
5960 48995496
5970 48995496
5980 48995496
5990 48995496
6000 48995496
6010 48995496
6020 48995496
6030 48995496
6040 48995496
6050 48995496
6060 48995496
6070 48995496
6080 48995496
6090 48995496
6100 48995496
6110 48995496
6120 48995496
6130 48995496
6140 48995496
6150 48995496
6160 48995496
6170 48995496
6180 48995496
6190 48995496
6200 48995496
6210 48995496
6220 48995496
6230 48995496
6240 48995496
6250 48995496
6260 48995496
6270 48995496
6280 48995496
6290 48995496
6300 48995496
6310 48995496
6320 48917578
6330 48917578
6340 48917578
6350 48917578
6360 48917578
6370 48917578
6380 48917578
6390 48917578
6400 48917578
6410 48917578
6420 48917578
6430 48917578
6440 48917578
6450 48917578
6460 48917578
6470 48917578
6480 48917578
6490 48917578
6500 48917578
6510 48917578
6520 48917578
6530 48917578
6540 48917578
6550 48917578
6560 48917578
6570 48917578
6580 48917578
6590 48917578
6600 48917578
6610 48917578
6620 48917578
6630 48917578
6640 48917578
6650 48917578
6660 48917578
6670 48917578
6680 48917578
6690 48917578
6700 48917578
6710 48917578
6720 48917578
6730 48917578
6740 48917578
6750 48917578
6760 48917578
6770 48917578
6780 48917578
6790 48917578
6800 48917578
6810 48917578
6820 48917578
6830 48917578
6840 48917578
6850 48917578
6860 48917578
6870 48917578
6880 48917578
6890 48917578
6900 48917578
6910 48917578
6920 48917578
6930 48917578
6940 48917578
6950 48917578
6960 48917578
6970 48917578
6980 48917578
6990 48917578
7000 48917578
7010 48917578
7020 48917578
7030 48917578
7040 48917578
7050 48917578
7060 48917578
7070 48917578
7080 48917578
7090 48917578
7100 48917578
7110 48917578
7120 48917578
7130 48917578
7140 48917578
7150 48917578
7160 48917578
7170 48917578
7180 48917578
7190 48917578
7200 48917578
7210 48917578
7220 48917578
7230 48917578
7240 48917578
7250 48917578
7260 48917578
7270 48917578
7280 48917578
7290 48917578
7300 48917578
7310 48917578
7320 48917578
7330 48917578
7340 48917578
7350 48917578
7360 48917578
7370 48917578
7380 48917578
7390 48917578
7400 48917578
7410 48917578
7420 48917578
7430 48917578
7440 48917578
7450 48917578
7460 48917578
7470 48917578
7480 48917578
7490 48917578
7500 48917578
7510 48917578
7520 48917578
7530 48917578
7540 48917578
7550 48917578
7560 48917578
7570 48917578
7580 48917578
7590 48917578
7600 48917578
7610 48917578
7620 48917578
7630 48917578
7640 48917578
7650 48917578
7660 48917578
7670 48917578
7680 48917578
7690 48917578
7700 48917578
7710 48917578
7720 48917578
7730 48917578
7740 48917578
7750 48917578
7760 48825670
7770 48825670
7780 48825670
7790 48825670
7800 48825670
7810 48825670
7820 48825670
7830 48825670
7840 48825670
7850 48825670
7860 48825670
7870 48825670
7880 48825670
7890 48825670
7900 48825670
7910 48825670
7920 48825670
7930 48825670
7940 48825670
7950 48825670
7960 48825670
7970 48825670
7980 48825670
7990 48825670
8000 48825670
8010 48825670
8020 48825670
8030 48825670
8040 48825670
8050 48825670
8060 48825670
8070 48825670
8080 48825670
8090 48825670
8100 48825670
8110 48825670
8120 48825670
8130 48825670
8140 48825670
8150 48825670
8160 48825670
8170 48825670
8180 48825670
8190 48825670
8200 48825670
8210 48825670
8220 48825670
8230 48825670
8240 48825670
8250 48825670
8260 48825670
8270 48825670
8280 48825670
8290 48825670
8300 48825670
8310 48825670
8320 48825670
8330 48825670
8340 48825670
8350 48825670
8360 48825670
8370 48825670
8380 48825670
8390 48825670
8400 48825670
8410 48825670
8420 48825670
8430 48825670
8440 48825670
8450 48825670
8460 48825670
8470 48825670
8480 48825670
8490 48825670
8500 48825670
8510 48825670
8520 48825670
8530 48825670
8540 48825670
8550 48825670
8560 48825670
8570 48825670
8580 48825670
8590 48825670
8600 48825670
8610 48825670
8620 48825670
8630 48825670
8640 48696102
8650 48696102
8660 48696102
8670 48696102
8680 48696102
8690 48696102
8700 48696102
8710 48696102
8720 48696102
8730 48696102
8740 48696102
8750 48696102
8760 48696102
8770 48696102
8780 48696102
8790 48696102
8800 48696102
8810 48696102
8820 48696102
8830 48696102
8840 48696102
8850 48696102
8860 48696102
8870 48696102
8880 48696102
8890 48696102
8900 48696102
8910 48696102
8920 48696102
8930 48696102
8940 48696102
8950 48696102
8960 48696102
8970 48696102
8980 48696102
8990 48696102
9000 48696102
9010 48696102
9020 48696102
9030 48696102
9040 48696102
9050 48696102
9060 48696102
9070 48696102
9080 48696102
9090 48696102
9100 48696102
9110 48696102
9120 48696102
9130 48696102
9140 48696102
9150 48696102
9160 48696102
9170 48696102
9180 48696102
9190 48696102
9200 48696102
9210 48696102
9220 48696102
9230 48696102
9240 48696102
9250 48696102
9260 48696102
9270 48696102
9280 48696102
9290 48696102
9300 48696102
9310 48696102
9320 48696102
9330 48696102
9340 48696102
9350 48696102
9360 48696102
9370 48696102
9380 48696102
9390 48696102
9400 48696102
9410 48696102
9420 48696102
9430 48696102
9440 48696102
9450 48696102
9460 48696102
9470 48696102
9480 48696102
9490 48696102
9500 48696102
9510 48696102
9520 48696102
9530 48696102
9540 48696102
9550 48696102
9560 48696102
9570 48696102
9580 48696102
9590 48696102
9600 48696102
9610 48696102
9620 48696102
9630 48696102
9640 48696102
9650 48696102
9660 48696102
9670 48696102
9680 48696102
9690 48696102
9700 48696102
9710 48696102
9720 48696102
9730 48696102
9740 48696102
9750 48696102
9760 48696102
9770 48696102
9780 48696102
9790 48696102
9800 48696102
9810 48696102
9820 48696102
9830 48696102
9840 48696102
9850 48696102
9860 48696102
9870 48696102
9880 48696102
9890 48696102
9900 48696102
9910 48696102
9920 48696102
9930 48696102
9940 48696102
9950 48696102
9960 48696102
9970 48696102
9980 48696102
9990 48696102
10000 48696102
10010 48696102
10020 48696102
10030 48696102
10040 48696102
10050 48696102
10060 48696102
10070 48696102
10080 48696102
10090 48696102
10100 48696102
10110 48696102
10120 48696102
10130 48696102
10140 48696102
10150 48696102
10160 48696102
10170 48696102
10180 48696102
10190 48696102
10200 48696102
10210 48696102
10220 48696102
10230 48696102
10240 48696102
10250 48696102
10260 48696102
10270 48696102
10280 48696102
10290 48696102
10300 48696102
10310 48696102
10320 48696102
10330 48696102
10340 48696102
10350 48696102
10360 48696102
10370 48696102
10380 48696102
10390 48696102
10400 48696102
10410 48696102
10420 48696102
10430 48696102
10440 48696102
10450 48696102
10460 48696102
10470 48696102
10480 48696102
10490 48696102
10500 48696102
10510 48696102
10520 48696102
10530 48696102
10540 48696102
10550 48696102
10560 48696102
10570 48696102
10580 48696102
10590 48696102
10600 48696102
10610 48696102
10620 48696102
10630 48696102
10640 48696102
10650 48696102
10660 48696102
10670 48696102
10680 48696102
10690 48696102
10700 48696102
10710 48696102
10720 48696102
10730 48696102
10740 48696102
10750 48696102
10760 48696102
10770 48696102
10780 48696102
10790 48696102
10800 48696102
10810 48696102
10820 48696102
10830 48696102
10840 48696102
10850 48696102
10860 48696102
10870 48696102
10880 48696102
10890 48696102
10900 48696102
10910 48696102
10920 48696102
10930 48696102
10940 48696102
10950 48696102
10960 48696102
10970 48696102
10980 48696102
10990 48696102
11000 48696102
11010 48696102
11020 48696102
11030 48696102
11040 48696102
11050 48696102
11060 48696102
11070 48696102
11080 48696102
11090 48696102
11100 48696102
11110 48696102
11120 48696102
11130 48696102
11140 48696102
11150 48696102
11160 48696102
11170 48696102
11180 48696102
11190 48696102
11200 48696102
11210 48696102
11220 48696102
11230 48696102
11240 48696102
11250 48696102
11260 48696102
11270 48696102
11280 48696102
11290 48696102
11300 48696102
11310 48696102
11320 48696102
11330 48696102
11340 48696102
11350 48696102
11360 48696102
11370 48696102
11380 48696102
11390 48696102
11400 48696102
11410 48696102
11420 48696102
11430 48696102
11440 48696102
11450 48696102
11460 48696102
11470 48696102
11480 48696102
11490 48696102
11500 48696102
11510 48696102
11520 48696102
11530 48696102
11540 48696102
11550 48696102
11560 48696102
11570 48696102
11580 48696102
11590 48696102
11600 48673948
11610 48673948
11620 48673948
11630 48673948
11640 48673948
11650 48673948
11660 48673948
11670 48673948
11680 48673948
11690 48673948
11700 48673948
11710 48673948
11720 48673948
11730 48673948
11740 48673948
11750 48673948
11760 48673948
11770 48673948
11780 48673948
11790 48673948
11800 48673948
11810 48673948
11820 48673948
11830 48673948
11840 48673948
11850 48673948
11860 48673948
11870 48673948
11880 48673948
11890 48673948
11900 48673948
11910 48673948
11920 48673948
11930 48673948
11940 48673948
11950 48673948
11960 48673948
11970 48673948
11980 48673948
11990 48673948
12000 48673948
12010 48673948
12020 48673948
12030 48673948
12040 48673948
12050 48673948
12060 48673948
12070 48673948
12080 48673948
12090 48673948
12100 48673948
12110 48673948
12120 48673948
12130 48673948
12140 48673948
12150 48673948
12160 48673948
12170 48673948
12180 48673948
12190 48673948
12200 48673948
12210 48673948
12220 48673948
12230 48673948
12240 48673948
12250 48673948
12260 48673948
12270 48673948
12280 48673948
12290 48673948
12300 48673948
12310 48673948
12320 48673948
12330 48673948
12340 48673948
12350 48673948
12360 48673948
12370 48673948
12380 48673948
12390 48673948
12400 48673948
12410 48673948
12420 48673948
12430 48673948
12440 48673948
12450 48673948
12460 48673948
12470 48673948
12480 48420522
12490 48420522
12500 48420522
12510 48420522
12520 48420522
12530 48420522
12540 48420522
12550 48420522
12560 48420522
12570 48420522
12580 48420522
12590 48420522
12600 48420522
12610 48420522
12620 48420522
12630 48420522
12640 48420522
12650 48420522
12660 48420522
12670 48420522
12680 48420522
12690 48420522
12700 48420522
12710 48420522
12720 48420522
12730 48420522
12740 48420522
12750 48420522
12760 48420522
12770 48420522
12780 48420522
12790 48420522
12800 48420522
12810 48420522
12820 48420522
12830 48420522
12840 48420522
12850 48420522
12860 48420522
12870 48420522
12880 48420522
12890 48420522
12900 48420522
12910 48420522
12920 48420522
12930 48420522
12940 48420522
12950 48420522
12960 48420522
12970 48420522
12980 48420522
12990 48420522
13000 48420522
13010 48420522
13020 48420522
13030 48420522
13040 48420522
13050 48420522
13060 48420522
13070 48420522
13080 48420522
13090 48420522
13100 48420522
13110 48420522
13120 48420522
13130 48420522
13140 48420522
13150 48420522
13160 48420522
13170 48420522
13180 48420522
13190 48420522
13200 48420522
13210 48420522
13220 48420522
13230 48420522
13240 48420522
13250 48420522
13260 48420522
13270 48420522
13280 48420522
13290 48420522
13300 48420522
13310 48420522
13320 48420522
13330 48420522
13340 48420522
13350 48420522
13360 48420522
13370 48420522
13380 48420522
13390 48420522
13400 48420522
13410 48420522
13420 48420522
13430 48420522
13440 48420522
13450 48420522
13460 48420522
13470 48420522
13480 48420522
13490 48420522
13500 48420522
13510 48420522
13520 48420522
13530 48420522
13540 48420522
13550 48420522
13560 48420522
13570 48420522
13580 48420522
13590 48420522
13600 48420522
13610 48420522
13620 48420522
13630 48420522
13640 48420522
13650 48420522
13660 48420522
13670 48420522
13680 48420522
13690 48420522
13700 48420522
13710 48420522
13720 48420522
13730 48420522
13740 48420522
13750 48420522
13760 48420522
13770 48420522
13780 48420522
13790 48420522
13800 48420522
13810 48420522
13820 48420522
13830 48420522
13840 48420522
13850 48420522
13860 48420522
13870 48420522
13880 48420522
13890 48420522
13900 48420522
13910 48420522
13920 48420522
13930 48420522
13940 48420522
13950 48420522
13960 48420522
13970 48420522
13980 48420522
13990 48420522
14000 48420522
14010 48420522
14020 48420522
14030 48420522
14040 48420522
14050 48420522
14060 48420522
14070 48420522
14080 48420522
14090 48420522
14100 48420522
14110 48420522
14120 48420522
14130 48420522
14140 48420522
14150 48420522
14160 48420522
14170 48420522
14180 48420522
14190 48420522
14200 48420522
14210 48420522
14220 48420522
14230 48420522
14240 48420522
14250 48420522
14260 48420522
14270 48420522
14280 48420522
14290 48420522
14300 48420522
14310 48420522
14320 48420522
14330 48420522
14340 48420522
14350 48420522
14360 48420522
14370 48420522
14380 48420522
14390 48420522
14400 48420522
14410 48420522
14420 48420522
14430 48420522
14440 48420522
14450 48099298
14460 48099298
14470 48099298
14480 48099298
14490 48099298
14500 48099298
14510 48099298
14520 48099298
14530 48099298
14540 48099298
14550 48099298
14560 48099298
14570 48099298
14580 48099298
14590 48099298
14600 48099298
14610 48099298
14620 48099298
14630 48099298
14640 48099298
14650 48099298
14660 48099298
14670 48099298
14680 48099298
14690 48099298
14700 48099298
14710 48099298
14720 48099298
14730 48099298
14740 48099298
14750 48099298
14760 48099298
14770 48099298
14780 48099298
14790 48099298
14800 48099298
14810 48099298
14820 48099298
14830 48099298
14840 48099298
14850 48099298
14860 48099298
14870 48099298
14880 48099298
14890 48099298
14900 48099298
14910 48099298
14920 48099298
14930 48099298
14940 48099298
14950 48099298
14960 48099298
14970 48057102
14980 48057102
14990 48057102
15000 48057102
15010 48057102
15020 48057102
15030 48057102
15040 48057102
15050 48057102
15060 48057102
15070 48057102
15080 48057102
15090 48057102
15100 48057102
15110 48057102
15120 48057102
15130 48057102
15140 48057102
15150 48057102
15160 48057102
15170 48057102
15180 48057102
15190 48057102
15200 48057102
15210 48057102
15220 48057102
15230 48057102
15240 48057102
15250 48057102
15260 48057102
15270 48057102
15280 48057102
15290 48057102
15300 48057102
15310 48057102
15320 48057102
15330 48057102
15340 48057102
15350 48057102
15360 48057102
15370 48057102
15380 48057102
15390 48057102
15400 48057102
15410 48057102
15420 48057102
15430 48057102
15440 48057102
15450 48057102
15460 48057102
15470 48057102
15480 48057102
15490 48057102
15500 48057102
15510 48057102
15520 48057102
15530 48057102
15540 48057102
15550 48057102
15560 48057102
15570 48057102
15580 48057102
15590 48057102
15600 48057102
15610 48057102
15620 48057102
15630 48057102
15640 48057102
15650 48057102
15660 48057102
15670 48057102
15680 48057102
15690 48057102
15700 48057102
15710 48057102
15720 48057102
15730 48057102
15740 48057102
15750 48057102
15760 48057102
15770 48057102
15780 48057102
15790 48057102
15800 48057102
15810 48057102
15820 48057102
15830 48057102
15840 48057102
15850 48057102
15860 48057102
15870 48057102
15880 48057102
15890 48057102
15900 48057102
15910 48057102
15920 48057102
15930 48057102
15940 48057102
15950 48057102
15960 48057102
15970 48057102
15980 48057102
15990 48057102
16000 48057102
16010 48057102
16020 48057102
16030 48057102
16040 48057102
16050 48057102
16060 48057102
16070 48057102
16080 48057102
16090 48057102
16100 48057102
16110 48057102
16120 48057102
16130 48057102
16140 48057102
16150 48057102
16160 48057102
16170 48057102
16180 48057102
16190 48057102
16200 48057102
16210 48057102
16220 48057102
16230 48057102
16240 48057102
16250 48057102
16260 48057102
16270 48057102
16280 48057102
16290 48057102
16300 48057102
16310 48057102
16320 48057102
16330 48057102
16340 48057102
16350 48057102
16360 48057102
16370 48057102
16380 48057102
16390 48057102
16400 48057102
16410 48057102
16420 48057102
16430 48057102
16440 48057102
16450 48057102
16460 48057102
16470 48057102
16480 48057102
16490 48057102
16500 48057102
16510 48057102
16520 48057102
16530 48057102
16540 48057102
16550 48057102
16560 48057102
16570 48057102
16580 48057102
16590 48057102
16600 48057102
16610 48057102
16620 48057102
16630 48057102
16640 48057102
16650 48057102
16660 48057102
16670 48057102
16680 48057102
16690 48057102
16700 48057102
16710 48057102
16720 48057102
16730 48057102
16740 48057102
16750 48057102
16760 48057102
16770 48057102
16780 48057102
16790 48057102
16800 48057102
16810 48057102
16820 48057102
16830 48057102
16840 48057102
16850 48057102
16860 48057102
16870 48057102
16880 48057102
16890 48057102
16900 48057102
16910 48057102
16920 48057102
16930 48057102
16940 48057102
16950 48057102
16960 48057102
16970 48057102
16980 48057102
16990 48057102
17000 48057102
17010 48057102
17020 48057102
17030 48057102
17040 48057102
17050 48057102
17060 48057102
17070 48057102
17080 48057102
17090 48057102
17100 48057102
17110 48057102
17120 48057102
17130 48057102
17140 48057102
17150 48057102
17160 48057102
17170 48057102
17180 48057102
17190 48057102
17200 48057102
17210 48057102
17220 48057102
17230 48057102
17240 48057102
17250 48057102
17260 48057102
17270 48057102
17280 48057102
17290 48057102
17300 48057102
17310 48057102
17320 48057102
17330 48057102
17340 48057102
17350 48057102
17360 48057102
17370 48057102
17380 48057102
17390 48057102
17400 48057102
17410 48057102
17420 48057102
17430 48057102
17440 48057102
17450 48057102
17460 48057102
17470 48057102
17480 48057102
17490 48057102
17500 48057102
17510 48057102
17520 48057102
17530 48057102
17540 48057102
17550 48057102
17560 48057102
17570 48057102
17580 48057102
17590 48057102
17600 48057102
17610 48057102
17620 48057102
17630 48057102
17640 48057102
17650 48057102
17660 48057102
17670 48057102
17680 48057102
17690 48057102
17700 48057102
17710 48057102
17720 48057102
17730 48057102
17740 48057102
17750 48057102
17760 48057102
17770 48057102
17780 48057102
17790 48057102
17800 48057102
17810 48057102
17820 48057102
17830 48057102
17840 48057102
17850 48057102
17860 48057102
17870 48057102
17880 48057102
17890 48057102
17900 48057102
17910 48057102
17920 48057102
17930 48057102
17940 48057102
17950 48057102
17960 48057102
17970 48057102
17980 48057102
17990 48057102
18000 48057102
18010 48057102
18020 48057102
18030 48057102
18040 48057102
18050 48057102
18060 48057102
18070 48057102
18080 48057102
18090 48057102
18100 48057102
18110 48057102
18120 48057102
18130 48057102
18140 48057102
18150 48057102
18160 48057102
18170 48057102
18180 48057102
18190 48057102
18200 48057102
18210 48057102
18220 48057102
18230 48057102
18240 48057102
18250 48057102
18260 48057102
18270 48057102
18280 48057102
18290 48057102
18300 48057102
18310 48057102
18320 48057102
18330 48057102
18340 48057102
18350 48057102
18360 48057102
18370 48057102
18380 48057102
18390 48057102
18400 48057102
18410 48057102
18420 48057102
18430 48057102
18440 48057102
18450 48057102
18460 48057102
18470 48057102
18480 48057102
18490 48057102
18500 48057102
18510 48057102
18520 48057102
18530 48057102
18540 48057102
18550 48057102
18560 48057102
18570 48057102
18580 48057102
18590 48057102
18600 48057102
18610 48057102
18620 48057102
18630 48057102
18640 48057102
18650 48057102
18660 48057102
18670 48057102
18680 48057102
18690 48057102
18700 48057102
18710 48057102
18720 48057102
18730 48057102
18740 48057102
18750 48057102
18760 48057102
18770 48057102
18780 48057102
18790 48057102
18800 48057102
18810 48057102
18820 48057102
18830 48057102
18840 48057102
18850 48057102
18860 48057102
18870 48057102
18880 48057102
18890 48057102
18900 48057102
18910 48057102
18920 48057102
18930 48057102
18940 48057102
18950 48057102
18960 48057102
18970 48057102
18980 48057102
18990 48057102
19000 48057102
19010 48057102
19020 48057102
19030 48057102
19040 48057102
19050 48057102
19060 48057102
19070 48057102
19080 48057102
19090 48057102
19100 48057102
19110 48057102
19120 48057102
19130 48057102
19140 48057102
19150 48057102
19160 48057102
19170 48057102
19180 48057102
19190 48057102
19200 48057102
19210 48057102
19220 48057102
19230 48057102
19240 48057102
19250 48057102
19260 48057102
19270 48057102
19280 48057102
19290 48057102
19300 48057102
19310 48057102
19320 48057102
19330 48057102
19340 48057102
19350 48057102
19360 48057102
19370 48057102
19380 48057102
19390 48057102
19400 48057102
19410 48057102
19420 48057102
19430 48057102
19440 48057102
19450 48057102
19460 48057102
19470 48057102
19480 48057102
19490 48057102
19500 48057102
19510 48057102
19520 48057102
19530 48057102
19540 48057102
19550 48057102
19560 48057102
19570 48057102
19580 48057102
19590 48057102
19600 48057102
19610 48057102
19620 48057102
19630 48057102
19640 48057102
19650 48057102
19660 48057102
19670 48057102
19680 48057102
19690 48057102
19700 48057102
19710 48057102
19720 48057102
19730 48057102
19740 48057102
19750 48057102
19760 48057102
19770 48057102
19780 48057102
19790 48057102
19800 48057102
19810 48057102
19820 48057102
19830 48057102
19840 48057102
19850 48057102
19860 48057102
19870 48057102
19880 48057102
19890 48057102
19900 48057102
19910 48057102
19920 48057102
19930 48057102
19940 48057102
19950 48057102
19960 48057102
19970 48057102
19980 48057102
19990 48057102
20000 48057102
20010 48057102
20020 48057102
20030 48057102
20040 48057102
20050 48057102
20060 48057102
20070 48057102
20080 48057102
20090 48057102
20100 48057102
20110 48057102
20120 48057102
20130 48057102
20140 48057102
20150 48057102
20160 48057102
20170 48057102
20180 48057102
20190 48057102
20200 48057102
20210 48057102
20220 48057102
20230 48057102
20240 48057102
20250 48057102
20260 48057102
20270 48057102
20280 48057102
20290 48057102
20300 48057102
20310 48057102
20320 48057102
20330 48057102
20340 48057102
20350 48057102
20360 48057102
20370 48057102
20380 48057102
20390 48057102
20400 48057102
20410 48057102
20420 48057102
20430 48057102
20440 48057102
20450 48057102
20460 48057102
20470 48057102
20480 48057102
20490 48057102
20500 48057102
20510 48057102
20520 48057102
20530 48057102
20540 48057102
20550 48057102
20560 48057102
20570 48057102
20580 48057102
20590 48057102
20600 48057102
20610 48057102
20620 48057102
20630 48057102
20640 48057102
20650 48057102
20660 48057102
20670 48057102
20680 48057102
20690 48057102
20700 48057102
20710 48057102
20720 48057102
20730 48057102
20740 48057102
20750 48057102
20760 48057102
20770 48057102
20780 48057102
20790 48057102
20800 48057102
20810 48057102
20820 48057102
20830 48057102
20840 48057102
20850 48057102
20860 48057102
20870 48057102
20880 48057102
20890 48057102
20900 48057102
20910 48057102
20920 48057102
20930 48057102
20940 48057102
20950 48057102
20960 48057102
20970 48057102
20980 48057102
20990 48057102
21000 48057102
21010 48057102
21020 48057102
21030 48057102
21040 48057102
21050 48057102
21060 48057102
21070 48057102
21080 48057102
21090 48057102
21100 48057102
21110 48057102
21120 48057102
21130 48057102
21140 48057102
21150 48057102
21160 48057102
21170 48057102
21180 48057102
21190 48057102
21200 48057102
21210 48057102
21220 48057102
21230 48057102
21240 48057102
21250 48057102
21260 48057102
21270 48057102
21280 48057102
21290 48057102
21300 48057102
21310 48057102
21320 48057102
21330 48057102
21340 48057102
21350 48057102
21360 48057102
21370 48057102
21380 48057102
21390 48057102
21400 48057102
21410 48057102
21420 48057102
21430 48057102
21440 48057102
21450 48057102
21460 48057102
21470 48057102
21480 48057102
21490 48057102
21500 48057102
21510 48057102
21520 48057102
21530 48057102
21540 48057102
21550 48057102
21560 48057102
21570 48057102
21580 48057102
21590 48057102
21600 48057102
21610 48057102
21620 48057102
21630 48057102
21640 48057102
21650 48057102
21660 48057102
21670 48057102
21680 48057102
21690 48057102
21700 48057102
21710 48057102
21720 48057102
21730 48057102
21740 48057102
21750 48057102
21760 48057102
21770 48057102
21780 48057102
21790 48057102
21800 48057102
21810 48057102
21820 48057102
21830 48057102
21840 48057102
21850 48057102
21860 48057102
21870 48057102
21880 48057102
21890 48057102
21900 48057102
21910 48057102
21920 48057102
21930 48057102
21940 48057102
21950 48057102
21960 48057102
21970 48057102
21980 48057102
21990 48057102
22000 48057102
22010 48057102
22020 48057102
22030 48057102
22040 48057102
22050 48057102
22060 48057102
22070 48057102
22080 48057102
22090 48057102
22100 48057102
22110 48057102
22120 48057102
22130 48057102
22140 48057102
22150 48057102
22160 48057102
22170 48057102
22180 48057102
22190 48057102
22200 48057102
22210 48057102
22220 48057102
22230 48057102
22240 48057102
22250 48057102
22260 48057102
22270 48057102
22280 48057102
22290 48057102
22300 48057102
22310 48057102
22320 48057102
22330 48057102
22340 48057102
22350 48057102
22360 48057102
22370 48057102
22380 48057102
22390 48057102
22400 48057102
22410 48057102
22420 48057102
22430 48057102
22440 48057102
22450 48057102
22460 48057102
22470 48057102
22480 48057102
22490 48057102
22500 48057102
22510 48057102
22520 48057102
22530 48057102
22540 48057102
22550 48057102
22560 48057102
22570 48057102
22580 48057102
22590 48057102
22600 48057102
22610 48057102
22620 48057102
22630 48057102
22640 48057102
22650 48057102
22660 48057102
22670 48057102
22680 48057102
22690 48057102
22700 48057102
22710 48057102
22720 48057102
22730 48057102
22740 48057102
22750 48057102
22760 48057102
22770 48057102
22780 48057102
22790 48057102
22800 48057102
22810 48057102
22820 48057102
22830 48057102
22840 48057102
22850 48057102
22860 48057102
22870 48057102
22880 48057102
22890 48057102
22900 48057102
22910 48057102
22920 48057102
22930 48057102
22940 48057102
22950 48057102
22960 48057102
22970 48057102
22980 48057102
22990 48057102
23000 48057102
23010 48057102
23020 48057102
23030 48057102
23040 48057102
23050 48057102
23060 48057102
23070 48057102
23080 48057102
23090 48057102
23100 48057102
23110 48057102
23120 48057102
23130 48057102
23140 48057102
23150 48057102
23160 48057102
23170 48057102
23180 48057102
23190 48057102
23200 48057102
23210 48057102
23220 48057102
23230 48057102
23240 48057102
23250 48057102
23260 48057102
23270 48057102
23280 48057102
23290 48057102
23300 48057102
23310 48057102
23320 48057102
23330 48057102
23340 48057102
23350 48057102
23360 48057102
23370 48057102
23380 48057102
23390 48057102
23400 48057102
23410 48057102
23420 48057102
23430 48057102
23440 48057102
23450 48057102
23460 48057102
23470 48057102
23480 48057102
23490 48057102
23500 48057102
23510 48057102
23520 48057102
23530 48057102
23540 48057102
23550 48057102
23560 48057102
23570 48057102
23580 48057102
23590 48057102
23600 48057102
23610 48057102
23620 48057102
23630 48057102
23640 48057102
23650 48057102
23660 48057102
23670 48057102
23680 48057102
23690 48057102
23700 48057102
23710 48057102
23720 48057102
23730 48057102
23740 48057102
23750 48057102
23760 48057102
23770 48057102
23780 48057102
23790 48057102
23800 48057102
23810 48057102
23820 48057102
23830 48057102
23840 48057102
23850 48057102
23860 48057102
23870 48057102
23880 48057102
23890 48057102
23900 48057102
23910 48057102
23920 48057102
23930 48057102
23940 48057102
23950 48057102
23960 48057102
23970 48057102
23980 48057102
23990 48057102
24000 48057102
24010 48057102
24020 48057102
24030 48057102
24040 48057102
24050 48057102
24060 48057102
24070 48057102
24080 48057102
24090 48057102
24100 48057102
24110 48057102
24120 48057102
24130 48057102
24140 48057102
24150 48057102
24160 48057102
24170 48057102
24180 48057102
24190 48057102
24200 48057102
24210 48057102
24220 48057102
24230 48057102
24240 48057102
24250 48057102
24260 48057102
24270 48057102
24280 48057102
24290 48057102
24300 48057102
24310 48057102
24320 48057102
24330 48057102
24340 48057102
24350 48057102
24360 48057102
24370 48057102
24380 48057102
24390 48057102
24400 48057102
24410 48057102
24420 48057102
24430 48057102
24440 48057102
24450 48057102
24460 48057102
24470 48057102
24480 48057102
24490 48057102
24500 48057102
24510 48057102
24520 48057102
24530 48057102
24540 48057102
24550 48057102
24560 48057102
24570 48057102
24580 48057102
24590 48057102
24600 48057102
24610 48057102
24620 48057102
24630 48057102
24640 48057102
24650 48057102
24660 48057102
24670 48057102
24680 48057102
24690 48057102
24700 48057102
24710 48057102
24720 48057102
24730 48057102
24740 48057102
24750 48057102
24760 48057102
24770 48057102
24780 48057102
24790 48057102
24800 48057102
24810 48057102
24820 48057102
24830 48057102
24840 48057102
24850 48057102
24860 48057102
24870 48057102
24880 48057102
24890 48057102
24900 48057102
24910 48057102
24920 48057102
24930 48057102
24940 48057102
24950 48057102
24960 48057102
24970 48057102
24980 48057102
24990 48057102
