0 636030407
1 636030407
2 630593093
3 630593093
4 630593093
5 630593093
6 630593093
7 630593093
8 627172397
9 627172397
10 626233208
11 626233208
12 626233208
13 626233208
14 626233208
15 626233208
16 626233208
17 626233208
18 626233208
19 626233208
20 626233208
21 626233208
22 626233208
23 626233208
24 626233208
25 626233208
26 626233208
27 626233208
28 626233208
29 621459785
30 621459785
31 621459785
32 621459785
33 621357055
34 621357055
35 621357055
36 621357055
37 621357055
38 621357055
39 621357055
40 621357055
41 621357055
42 621357055
43 621357055
44 621357055
45 621357055
46 621357055
47 621357055
48 621357055
49 621357055
50 620749218
51 620749218
52 620749218
53 620749218
54 620749218
55 620749218
56 620749218
57 620704219
58 620704219
59 620704219
60 620704219
61 620704219
62 620704219
63 620704219
64 618585458
65 618585458
66 618585458
67 618585458
68 618585458
69 618585458
70 618585458
71 618585458
72 618585458
73 618585458
74 618585458
75 618585458
76 616485447
77 616485447
78 616485447
79 616485447
80 616485447
81 616485447
82 616485447
83 616485447
84 616485447
85 616485447
86 616485447
