0 106000
10 106000
20 106000
30 105830
40 105830
50 105830
60 105830
70 105830
80 105830
90 105830
100 105830
110 105830
120 105830
130 105830
140 105830
150 105830
160 105830
170 105830
180 105830
190 105700
200 105700
210 105590
220 105590
230 105590
240 105590
250 105590
260 105590
270 105550
280 105550
290 105550
300 105550
310 105550
320 105550
330 105550
340 105550
350 105550
360 105550
370 105550
380 105550
390 105550
400 105408
410 105408
420 105408
430 105408
440 105408
450 105408
460 105002
470 105002
480 105002
490 105002
500 105002
510 105002
520 105002
530 105002
540 104766
550 104766
560 104766
570 104766
580 104766
590 104766
600 104516
610 104516
620 103766
630 103766
640 103766
650 103766
660 103766
670 103766
680 103766
690 103546
700 103546
710 103546
720 103546
730 103546
740 103546
750 103546
760 103546
770 103546
780 103546
790 103546
800 103546
810 103546
820 103546
830 103246
840 103246
850 103246
860 103246
870 103246
880 103246
890 103246
900 103246
910 103246
920 103246
930 103246
940 103246
950 103246
960 103246
970 103246
980 103246
990 103246
1000 103240
1010 103240
1020 103240
1030 103240
1040 103240
1050 103240
1060 103240
1070 103240
1080 103240
1090 103092
1100 103092
1110 103092
1120 103092
1130 103092
1140 103092
1150 103092
1160 103092
1170 103092
1180 103092
1190 103092
1200 103092
1210 103092
1220 103092
1230 103092
1240 103092
1250 103092
1260 103092
1270 103092
1280 103092
1290 103092
1300 103092
1310 103092
1320 103092
1330 103092
1340 103092
1350 103092
1360 103092
1370 103092
1380 103092
1390 103092
1400 103092
1410 103092
1420 103092
1430 103092
1440 103092
1450 103092
1460 103092
1470 103092
1480 103092
1490 103092
1500 103092
1510 103092
1520 103092
1530 103092
1540 102858
1550 102858
1560 102796
1570 102796
1580 102796
1590 102796
1600 102796
1610 102796
1620 102796
1630 102796
1640 102796
1650 102796
1660 102796
1670 102796
1680 102796
1690 102796
1700 102796
1710 102796
1720 102796
1730 102796
1740 102796
1750 102796
1760 102796
1770 102796
1780 102796
1790 102796
1800 102796
1810 102796
1820 102796
1830 102796
1840 102796
1850 102796
1860 102796
1870 102796
1880 102796
1890 102796
1900 102796
1910 102796
1920 102796
1930 102796
1940 102796
1950 102796
1960 102796
1970 102796
1980 102796
1990 102796
2000 102796
2010 102796
2020 102796
2030 102796
2040 102796
2050 102796
2060 102796
2070 102796
2080 102796
2090 102796
2100 102796
2110 102796
2120 102796
2130 102796
2140 102796
2150 102796
2160 102796
2170 102796
2180 102796
2190 102796
2200 102796
2210 102796
2220 102796
2230 102796
2240 102796
2250 102796
2260 102796
2270 102796
2280 102796
2290 102796
2300 102796
2310 102796
2320 102796
2330 102796
2340 102796
2350 102796
2360 102796
2370 102796
2380 102796
2390 102796
2400 102796
2410 102796
2420 102796
2430 102796
2440 102796
2450 102796
2460 102796
2470 102796
2480 102796
2490 102796
2500 102796
2510 102796
2520 102796
2530 102796
2540 102796
2550 102796
2560 102796
2570 102796
2580 102738
2590 102738
2600 102738
2610 102738
2620 102738
2630 102738
2640 102738
2650 102738
2660 102738
2670 102738
2680 102738
2690 102738
2700 102738
2710 102738
2720 102738
2730 102738
2740 102738
2750 102738
2760 102738
2770 102738
2780 102738
2790 102738
2800 102738
2810 102738
2820 102738
2830 102738
2840 102738
2850 102738
2860 102738
2870 102738
2880 102738
2890 102738
2900 102738
2910 102738
2920 102738
2930 102738
2940 102738
2950 102738
2960 102738
2970 102738
2980 102738
2990 102738
3000 102738
3010 102738
3020 102738
3030 102738
3040 102738
3050 102738
3060 102738
3070 102738
3080 102738
3090 102738
3100 102738
3110 102738
3120 102738
3130 102738
3140 102738
3150 102738
3160 102738
3170 102738
3180 102738
3190 102738
3200 102738
3210 102738
3220 102738
3230 102738
3240 102738
3250 102738
3260 102738
3270 102738
3280 102738
3290 102738
3300 102738
3310 102738
3320 102738
3330 102474
3340 102474
3350 102474
3360 102474
3370 102474
3380 102474
3390 102474
3400 102474
3410 102474
3420 102474
3430 102474
3440 102474
3450 102474
3460 102474
3470 102474
3480 102474
3490 102474
3500 102474
3510 102474
3520 102474
3530 102474
3540 102474
3550 102474
3560 102474
3570 102474
3580 102474
3590 102474
3600 102474
3610 102474
3620 102474
3630 102474
3640 102474
3650 102474
3660 102474
3670 102474
3680 102474
3690 102474
3700 102474
3710 102474
3720 102474
3730 102474
3740 102474
3750 102474
3760 102474
3770 102474
3780 102474
3790 102474
3800 102474
3810 102474
3820 102474
3830 102474
3840 102474
3850 102474
3860 102474
3870 102474
3880 102474
3890 102474
3900 102474
3910 102474
3920 102228
3930 102228
3940 102228
3950 102228
3960 102228
3970 102228
3980 102228
3990 102228
4000 102228
4010 102228
4020 102228
4030 102228
4040 102228
4050 102228
4060 102228
4070 102228
4080 102228
4090 102228
4100 102228
4110 102228
4120 102228
4130 102228
4140 102228
4150 102228
4160 102228
4170 102228
4180 102228
4190 102228
4200 102228
4210 102228
4220 102228
4230 102228
4240 102228
4250 102228
4260 102228
4270 102228
4280 102228
4290 102228
4300 102228
4310 102228
4320 102228
4330 102228
4340 102228
4350 102228
4360 102228
4370 102228
4380 102228
4390 102228
4400 102228
4410 102228
4420 102228
4430 102228
4440 102228
4450 102228
4460 102228
4470 102228
4480 102228
4490 102228
4500 102228
4510 102228
4520 102228
4530 102228
4540 102228
4550 102228
4560 102228
4570 102228
4580 102228
4590 102228
4600 102228
4610 102228
4620 102228
4630 102228
4640 102228
4650 102228
4660 102228
4670 102228
4680 102228
4690 102228
4700 102128
4710 102128
4720 102128
4730 102128
4740 102128
4750 102128
4760 102128
4770 102128
4780 102128
4790 102128
4800 102128
4810 102128
4820 102128
4830 102128
4840 102128
4850 102128
4860 102128
4870 102128
4880 102128
4890 102128
4900 102128
4910 102128
4920 102128
4930 102128
4940 102128
4950 102128
4960 102128
4970 102128
4980 102128
4990 102128
5000 102128
5010 102128
5020 102120
5030 102120
5040 102120
5050 102120
5060 102120
5070 102120
5080 102120
5090 102120
5100 102120
5110 102120
5120 102120
5130 102120
5140 102120
5150 102120
5160 102120
5170 102120
5180 102120
5190 102120
5200 102120
5210 102120
5220 102120
5230 102120
5240 102120
5250 102120
5260 102120
5270 102120
5280 102120
5290 102120
5300 102120
5310 102120
5320 102120
5330 102120
5340 102120
5350 102120
5360 102120
5370 102120
5380 102120
5390 102120
5400 102120
5410 102120
5420 102120
5430 102120
5440 102120
5450 102120
5460 102120
5470 101860
5480 101860
5490 101860
5500 101566
5510 101566
5520 101566
5530 101566
5540 101566
5550 101566
5560 101566
5570 101566
5580 101566
5590 101566
5600 101566
5610 101566
5620 101566
5630 101566
5640 101566
5650 101566
5660 101566
5670 101566
5680 101510
5690 101510
5700 101510
5710 101510
5720 101510
5730 101510
5740 101510
5750 101510
5760 101510
5770 101510
5780 101510
5790 101510
5800 101510
5810 101510
5820 101510
5830 101510
5840 101510
5850 101510
5860 101510
5870 101510
5880 101510
5890 101510
5900 101510
5910 101510
5920 101510
5930 101510
5940 101510
5950 101510
5960 101510
5970 101510
5980 101510
5990 101510
6000 101510
6010 101510
6020 101510
6030 101510
6040 101510
6050 101510
6060 101510
6070 101510
6080 101510
6090 101510
6100 101510
6110 101510
6120 101510
6130 101510
6140 101510
6150 101510
6160 101510
6170 101510
6180 101510
6190 101510
6200 101510
6210 101510
6220 101510
6230 101502
6240 101502
6250 101502
6260 101502
6270 101502
6280 101502
6290 101502
6300 101502
6310 101502
6320 101502
6330 101502
6340 101502
6350 101502
6360 101502
6370 101502
6380 101502
6390 101502
6400 101502
6410 101502
6420 101502
6430 101502
6440 101502
6450 101502
6460 101502
6470 101502
6480 101502
6490 101502
6500 101502
6510 101502
6520 101502
6530 101502
6540 101502
6550 101502
6560 101502
6570 101502
6580 101502
6590 101502
6600 101502
6610 101502
6620 101502
6630 101502
6640 101502
6650 101204
6660 101204
6670 101204
6680 101204
6690 101204
6700 101204
6710 101204
6720 101204
6730 101204
6740 101204
6750 101204
6760 101204
6770 101204
6780 101204
6790 101204
6800 101204
6810 101204
6820 101204
6830 101204
6840 101204
6850 101204
6860 101204
6870 101204
6880 101204
6890 101204
6900 101204
6910 101204
6920 101204
6930 101204
6940 101204
6950 101204
6960 101204
6970 101204
6980 101204
6990 101204
7000 101204
7010 101204
7020 101204
7030 101204
7040 101204
7050 101204
7060 101204
7070 101204
7080 101204
7090 101204
7100 101204
7110 101204
7120 101204
7130 101204
7140 101204
7150 101204
7160 101204
7170 101204
7180 101204
7190 101204
7200 101204
7210 101204
7220 101204
7230 101204
7240 101204
7250 101204
7260 101204
7270 101204
7280 101204
7290 101204
7300 101204
7310 101204
7320 101204
7330 101204
7340 101204
7350 101204
7360 101204
7370 101204
7380 101204
7390 101204
7400 101204
7410 101204
7420 101204
7430 101204
7440 101204
7450 101204
7460 101204
7470 101204
7480 101204
7490 101204
7500 101204
7510 101204
7520 101204
7530 101204
7540 101204
7550 101204
7560 101204
7570 101204
7580 101204
7590 101204
7600 101204
7610 101204
7620 101204
7630 101204
7640 101204
7650 101204
7660 101204
7670 101204
7680 101204
7690 101204
7700 101204
7710 101204
7720 101204
7730 101204
7740 101204
7750 101204
7760 101204
7770 101204
7780 101204
7790 101204
7800 101204
7810 101204
7820 101204
7830 101204
7840 101204
7850 101204
7860 101204
7870 101204
7880 101204
7890 101204
7900 101204
7910 101204
7920 101204
7930 101204
7940 101204
7950 101204
7960 101204
7970 101204
7980 101204
7990 101204
8000 101204
8010 101204
8020 101204
8030 101204
8040 101204
8050 101204
8060 101204
8070 101204
8080 101204
8090 101204
8100 101204
8110 101204
8120 101204
8130 101204
8140 101204
8150 101204
8160 101204
8170 101204
8180 101204
8190 101204
8200 101204
8210 101204
8220 101204
8230 101204
8240 101204
8250 100860
8260 100860
8270 100860
8280 100860
8290 100860
8300 100860
8310 100860
8320 100860
8330 100860
8340 100860
8350 100860
8360 100860
8370 100860
8380 100860
8390 100860
8400 100860
8410 100860
8420 100860
8430 100860
8440 100860
8450 100860
8460 100860
8470 100860
8480 100860
8490 100860
8500 100860
8510 100860
8520 100860
8530 100860
8540 100860
8550 100860
8560 100860
8570 100860
8580 100860
8590 100860
8600 100860
8610 100860
8620 100860
8630 100860
8640 100860
8650 100860
8660 100860
8670 100860
8680 100860
8690 100860
8700 100860
8710 100860
8720 100860
8730 100860
8740 100860
8750 100860
8760 100860
8770 100860
8780 100860
8790 100860
8800 100860
8810 100860
8820 100860
8830 100860
8840 100860
8850 100860
8860 100860
8870 100860
8880 100860
8890 100860
8900 100860
8910 100860
8920 100860
8930 100860
8940 100860
8950 100860
8960 100860
8970 100860
8980 100860
8990 100860
9000 100860
9010 100860
9020 100860
9030 100860
9040 100860
9050 100860
9060 100860
9070 100860
9080 100860
9090 100860
9100 100860
9110 100860
9120 100860
9130 100860
9140 100860
9150 100860
9160 100860
9170 100860
9180 100860
9190 100860
9200 100860
9210 100860
9220 100860
9230 100860
9240 100860
9250 100860
9260 100860
9270 100860
9280 100860
9290 100860
9300 100860
9310 100860
9320 100860
9330 100860
9340 100860
9350 100860
9360 100860
9370 100860
9380 100860
9390 100860
9400 100860
9410 100860
9420 100860
9430 100860
9440 100860
9450 100860
9460 100860
9470 100860
9480 100860
9490 100860
9500 100860
9510 100860
9520 100860
9530 100860
9540 100860
9550 100860
9560 100860
9570 100860
9580 100860
9590 100860
9600 100860
9610 100860
9620 100860
9630 100860
9640 100860
9650 100860
9660 100860
9670 100860
9680 100860
9690 100860
9700 100860
9710 100860
9720 100860
9730 100860
9740 100860
9750 100860
9760 100860
9770 100860
9780 100860
9790 100860
9800 100860
9810 100860
9820 100860
9830 100860
9840 100860
9850 100860
9860 100860
9870 100860
9880 100860
9890 100860
9900 100860
9910 100860
9920 100860
9930 100860
9940 100860
9950 100860
9960 100860
9970 100860
9980 100860
9990 100860
10000 100860
10010 100860
10020 100860
10030 100860
10040 100860
10050 100860
10060 100860
10070 100860
10080 100860
10090 100860
10100 100860
10110 100860
10120 100860
10130 100860
10140 100860
10150 100860
10160 100860
10170 100860
10180 100860
10190 100860
10200 100860
10210 100860
10220 100860
10230 100860
10240 100860
10250 100860
10260 100860
10270 100860
10280 100860
10290 100860
10300 100860
10310 100860
10320 100860
10330 100860
10340 100860
10350 100860
10360 100860
10370 100860
10380 100860
10390 100860
10400 100860
10410 100860
10420 100860
10430 100860
10440 100860
10450 100860
10460 100860
10470 100860
10480 100860
10490 100860
10500 100860
10510 100860
10520 100860
10530 100860
10540 100860
10550 100860
10560 100860
10570 100860
10580 100860
10590 100860
10600 100860
10610 100728
10620 100728
10630 100728
10640 100728
10650 100728
10660 100728
10670 100728
10680 100728
10690 100728
10700 100728
10710 100728
10720 100728
10730 100728
10740 100728
10750 100728
10760 100728
10770 100728
10780 100728
10790 100728
10800 100728
10810 100728
10820 100728
10830 100728
10840 100728
10850 100728
10860 100728
10870 100728
10880 100728
10890 100728
10900 100728
10910 100728
10920 100728
10930 100728
10940 100728
10950 100728
10960 100728
10970 100728
10980 100728
10990 100728
11000 100728
11010 100728
11020 100728
11030 100728
11040 100728
11050 100728
11060 100728
11070 100728
11080 100728
11090 100728
11100 100652
11110 100652
11120 100652
11130 100652
11140 100652
11150 100652
11160 100652
11170 100652
11180 100652
11190 100652
11200 100652
11210 100652
11220 100652
11230 100652
11240 100652
11250 100652
11260 100652
11270 100652
11280 100652
11290 100652
11300 100652
11310 100652
11320 100652
11330 100652
11340 100652
11350 100652
11360 100652
11370 100652
11380 100652
11390 100652
11400 100652
11410 100652
11420 100652
11430 100652
11440 100652
11450 100652
11460 100652
11470 100652
11480 100652
11490 100652
11500 100652
11510 100652
11520 100652
11530 100652
11540 100652
11550 100652
11560 100652
11570 100652
11580 100652
11590 100652
11600 100652
11610 100652
11620 100652
11630 100652
11640 100652
11650 100652
11660 100652
11670 100652
11680 100652
11690 100652
11700 100652
11710 100652
11720 100652
11730 100652
11740 100652
11750 100652
11760 100652
11770 100652
11780 100652
11790 100652
11800 100652
11810 100652
11820 100652
11830 100652
11840 100652
11850 100652
11860 100652
11870 100652
11880 100652
11890 100652
11900 100652
11910 100652
11920 100652
11930 100652
11940 100652
11950 100652
11960 100652
11970 100652
11980 100652
11990 100652
12000 100652
12010 100652
12020 100652
12030 100652
12040 100652
12050 100652
12060 100652
12070 100652
12080 100652
12090 100652
12100 100652
12110 100652
12120 100652
12130 100652
12140 100652
12150 100652
12160 100652
12170 100652
12180 100652
12190 100652
12200 100652
12210 100652
12220 100652
12230 100652
12240 100652
12250 100652
12260 100652
12270 100652
12280 100652
12290 100652
12300 100652
12310 100652
12320 100652
12330 100652
12340 100652
12350 100652
12360 100462
12370 100462
12380 100462
12390 100462
12400 100462
12410 100462
12420 100462
12430 100462
12440 100462
12450 100462
12460 100462
12470 100462
12480 100462
12490 100462
12500 100462
12510 100462
12520 100462
12530 100462
12540 100462
12550 100462
12560 100462
12570 100462
12580 100462
12590 100462
12600 100462
12610 100462
12620 100462
12630 100462
12640 100462
12650 100462
12660 100462
12670 100462
12680 100462
12690 100462
12700 100462
12710 100462
12720 100462
12730 100462
12740 100462
12750 100462
12760 100462
12770 100462
12780 100462
12790 100462
12800 100462
12810 100462
12820 100462
12830 100462
12840 100462
12850 100462
12860 100462
12870 100462
12880 100462
12890 100462
12900 100462
12910 100462
12920 100462
12930 100462
12940 100462
12950 100462
12960 100462
12970 100462
12980 100462
12990 100462
13000 100462
13010 100462
13020 100462
13030 100462
13040 100462
13050 100462
13060 100462
13070 100462
13080 100462
13090 100462
13100 100462
13110 100462
13120 100462
13130 100462
13140 100462
13150 100462
13160 100462
13170 100462
13180 100462
13190 100462
13200 100462
13210 100462
13220 100462
13230 100462
13240 100462
13250 100462
13260 100462
13270 100462
13280 100462
13290 100462
13300 100462
13310 100462
13320 100462
13330 100462
13340 100462
13350 100462
13360 100462
13370 100462
13380 100462
13390 100462
13400 100462
13410 100462
13420 100462
13430 100462
13440 100462
13450 100462
13460 100462
13470 100462
13480 100462
13490 100462
13500 100462
13510 100462
13520 100462
13530 100462
13540 100462
13550 100462
13560 100462
13570 100462
13580 100462
13590 100462
13600 100462
13610 100462
13620 100462
13630 100462
13640 100462
13650 100462
13660 100462
13670 100462
13680 100462
13690 100462
13700 100462
13710 100462
13720 100462
13730 100462
13740 100462
13750 100462
13760 100462
13770 100462
13780 100462
13790 100462
13800 100462
13810 100462
13820 100462
13830 100462
13840 100462
13850 100330
13860 100330
13870 100330
13880 100182
13890 100182
13900 100182
13910 100182
13920 100182
13930 100182
13940 100182
13950 100182
13960 100182
13970 100182
13980 100182
13990 100182
14000 100182
14010 100182
14020 100182
14030 100182
14040 100182
14050 100182
14060 100182
14070 100182
14080 100182
14090 100182
14100 100182
14110 100182
14120 100182
14130 100182
14140 100182
14150 100182
14160 100182
14170 100182
14180 100182
14190 100182
14200 100182
14210 100182
14220 100182
14230 100182
14240 100182
14250 100182
14260 100182
14270 100182
14280 100182
14290 100182
14300 100182
14310 100182
14320 100182
14330 100182
14340 100182
14350 100182
14360 100182
14370 100182
14380 100182
14390 100182
14400 100182
14410 100182
14420 100182
14430 100182
14440 100182
14450 100182
14460 100182
14470 100182
14480 100182
14490 100182
14500 100182
14510 100182
14520 100182
14530 100182
14540 100182
14550 100182
14560 100182
14570 100182
14580 100182
14590 100182
14600 100182
14610 100182
14620 100182
14630 100182
14640 100182
14650 100182
14660 100182
14670 100182
14680 100182
14690 100182
14700 100182
14710 100182
14720 100182
14730 100182
14740 100182
14750 100182
14760 100182
14770 100182
14780 100182
14790 100182
14800 100182
14810 100182
14820 100182
14830 100182
14840 100182
14850 100182
14860 100182
14870 100182
14880 100182
14890 100182
14900 100182
14910 100182
14920 100182
14930 100182
14940 100182
14950 100182
14960 100182
14970 100182
14980 100182
14990 100182
15000 100182
15010 100182
15020 100182
15030 100182
15040 100182
15050 100182
15060 100182
15070 100182
15080 100182
15090 100182
15100 100182
15110 100182
15120 100182
15130 100182
15140 100182
15150 100182
15160 100182
15170 100182
15180 100182
15190 100182
15200 100182
15210 100182
15220 100182
15230 100182
15240 100182
15250 100182
15260 100182
15270 100182
15280 100182
15290 100182
15300 100182
15310 100182
15320 100182
15330 100182
15340 100182
15350 100182
15360 100182
15370 100182
15380 100182
15390 100182
15400 100182
15410 100182
15420 100182
15430 100182
15440 100182
15450 100182
15460 100182
15470 100182
15480 100182
15490 100182
15500 100182
15510 100182
15520 100182
15530 100182
15540 100182
15550 100182
15560 100182
15570 100182
15580 100182
15590 100182
15600 100182
15610 100182
15620 100182
15630 100182
15640 100182
15650 100182
15660 100182
15670 100182
15680 100182
15690 100182
15700 100182
15710 100182
15720 100182
15730 100182
15740 100182
15750 100182
15760 100182
15770 100182
15780 100182
15790 100182
15800 100182
15810 100182
15820 100182
15830 100182
15840 100182
15850 100182
15860 100182
15870 100182
15880 100182
15890 100182
15900 100182
15910 100182
15920 100182
15930 100182
15940 100182
15950 100182
15960 100182
15970 100182
15980 100182
15990 100182
16000 100182
16010 100182
16020 100182
16030 100182
16040 100182
16050 100182
16060 100182
16070 100182
16080 100182
16090 100182
16100 100182
16110 100182
16120 100182
16130 100182
16140 100182
16150 100182
16160 100182
16170 100182
16180 100182
16190 100182
16200 100182
16210 100182
16220 100182
16230 100182
16240 100182
16250 100182
16260 100182
16270 100182
16280 100182
16290 100182
16300 99716
16310 99716
16320 99716
16330 99716
16340 99716
16350 99716
16360 99716
16370 99716
16380 99716
16390 99716
16400 99716
16410 99716
16420 99716
16430 99716
16440 99716
16450 99716
16460 99716
16470 99716
16480 99716
16490 99716
16500 99716
16510 99716
16520 99716
16530 99716
16540 99716
16550 99716
16560 99716
16570 99716
16580 99716
16590 99716
16600 99716
16610 99716
16620 99716
16630 99716
16640 99716
16650 99716
16660 99716
16670 99716
16680 99716
16690 99716
16700 99716
16710 99716
16720 99716
16730 99716
16740 99716
16750 99716
16760 99716
16770 99716
16780 99716
16790 99716
16800 99716
16810 99716
16820 99716
16830 99716
16840 99716
16850 99716
16860 99716
16870 99716
16880 99716
16890 99716
16900 99716
16910 99716
16920 99716
16930 99716
16940 99716
16950 99716
16960 99716
16970 99716
16980 99716
16990 99716
17000 99716
17010 99716
17020 99716
17030 99716
17040 99716
17050 99716
17060 99716
17070 99716
17080 99716
17090 99716
17100 99716
17110 99716
17120 99716
17130 99716
17140 99716
17150 99716
17160 99716
17170 99716
17180 99716
17190 99716
17200 99716
17210 99716
17220 99716
17230 99716
17240 99716
17250 99716
17260 99716
17270 99716
17280 99716
17290 99716
17300 99716
17310 99716
17320 99716
17330 99716
17340 99716
17350 99716
17360 99716
17370 99716
17380 99716
17390 99716
17400 99716
17410 99716
17420 99716
17430 99716
17440 99716
17450 99716
17460 99716
17470 99716
17480 99716
17490 99716
17500 99716
17510 99716
17520 99716
17530 99716
17540 99716
17550 99716
17560 99716
17570 99716
17580 99716
17590 99716
17600 99716
17610 99716
17620 99716
17630 99716
17640 99716
17650 99716
17660 99716
17670 99716
17680 99716
17690 99716
17700 99716
17710 99716
17720 99716
17730 99716
17740 99716
17750 99716
17760 99716
17770 99716
17780 99716
17790 99716
17800 99716
17810 99716
17820 99716
17830 99716
17840 99716
17850 99716
17860 99716
17870 99716
17880 99716
17890 99716
17900 99716
17910 99716
17920 99716
17930 99716
17940 99716
17950 99716
17960 99716
17970 99716
17980 99716
17990 99716
18000 99716
18010 99716
18020 99716
18030 99716
18040 99716
18050 99716
18060 99716
18070 99716
18080 99716
18090 99716
18100 99630
18110 99630
18120 99630
18130 99630
18140 99630
18150 99630
18160 99630
18170 99630
18180 99630
18190 99630
18200 99630
18210 99630
18220 99630
18230 99630
18240 99630
18250 99630
18260 99630
18270 99630
18280 99630
18290 99630
18300 99630
18310 99630
18320 99630
18330 99630
18340 99630
18350 99630
18360 99630
18370 99630
18380 99630
18390 99630
18400 99630
18410 99630
18420 99630
18430 99630
18440 99630
18450 99630
18460 99630
18470 99630
18480 99630
18490 99630
18500 99630
18510 99630
18520 99630
18530 99630
18540 99630
18550 99630
18560 99630
18570 99630
18580 99630
18590 99630
18600 99630
18610 99630
18620 99630
18630 99630
18640 99630
18650 99630
18660 99630
18670 99630
18680 99630
18690 99630
18700 99630
18710 99630
18720 99630
18730 99630
18740 99630
18750 99630
18760 99630
18770 99630
18780 99630
18790 99630
18800 99630
18810 99630
18820 99630
18830 99630
18840 99630
18850 99630
18860 99630
18870 99630
18880 99630
18890 99630
18900 99630
18910 99630
18920 99630
18930 99630
18940 99630
18950 99630
18960 99630
18970 99630
18980 99630
18990 99630
19000 99630
19010 99630
19020 99630
19030 99630
19040 99630
19050 99630
19060 99630
19070 99630
19080 99630
19090 99630
19100 99630
19110 99630
19120 99630
19130 99630
19140 99630
19150 99630
19160 99630
19170 99630
19180 99630
19190 99630
19200 99630
19210 99630
19220 99490
19230 99490
19240 99490
19250 99490
19260 99490
19270 99490
19280 99490
19290 99490
19300 99490
19310 99490
19320 99490
19330 99490
19340 99490
19350 99490
19360 99490
19370 99490
19380 99490
19390 99490
19400 99490
19410 99490
19420 99490
19430 99490
19440 99490
19450 99490
19460 99490
19470 99490
19480 99490
19490 99490
19500 99490
19510 99480
19520 99480
19530 99480
19540 99480
19550 99480
19560 99480
19570 99480
19580 99480
19590 99480
19600 99480
19610 99480
19620 99480
19630 99480
19640 99480
19650 99480
19660 99480
19670 99480
19680 99480
19690 99480
19700 99480
19710 99480
19720 99480
19730 99480
19740 99480
19750 99480
19760 99480
19770 99480
19780 99480
19790 99480
19800 99480
19810 99480
19820 99480
19830 99480
19840 99480
19850 99480
19860 99480
19870 99480
19880 99480
19890 99480
19900 99480
19910 99480
19920 99480
19930 99480
19940 99480
19950 99480
19960 99480
19970 99480
19980 99480
19990 99480
20000 99480
20010 99480
20020 99480
20030 99480
20040 99480
20050 99480
20060 99480
20070 99480
20080 99480
20090 99480
20100 99480
20110 99480
20120 99480
20130 99480
20140 99480
20150 99480
20160 99480
20170 99480
20180 99480
20190 99480
20200 99480
20210 99480
20220 99480
20230 99480
20240 99480
20250 99480
20260 99480
20270 99480
20280 99480
20290 99480
20300 99480
20310 99480
20320 99480
20330 99480
20340 99480
20350 99480
20360 99480
20370 99480
20380 99480
20390 99480
20400 99480
20410 99480
20420 99480
20430 99480
20440 99480
20450 99480
20460 99480
20470 99480
20480 99480
20490 99480
20500 99480
20510 99480
20520 99480
20530 99480
20540 99480
20550 99480
20560 99480
20570 99480
20580 99480
20590 99480
20600 99480
20610 99480
20620 99480
20630 99480
20640 99480
20650 99480
20660 99480
20670 99480
20680 99480
20690 99480
20700 99480
20710 99480
20720 99480
20730 99480
20740 99192
20750 99192
20760 99192
20770 99192
20780 99192
20790 99192
20800 99192
20810 99192
20820 99192
20830 99192
20840 99192
20850 99192
20860 99192
20870 99192
20880 99192
20890 99192
20900 99192
20910 99192
20920 99192
20930 99192
20940 99192
20950 99192
20960 99192
20970 99192
20980 99192
20990 99192
21000 99192
21010 99192
21020 99192
21030 99192
21040 99192
21050 99192
21060 99192
21070 99192
21080 99192
21090 99192
21100 99192
21110 99192
21120 99192
21130 99192
21140 99192
21150 99192
21160 99192
21170 99192
21180 99192
21190 99192
21200 99192
21210 99192
21220 99192
21230 99192
21240 99192
21250 99192
21260 99192
21270 99192
21280 99192
21290 99192
21300 99192
21310 99192
21320 99192
21330 99192
21340 99192
21350 99192
21360 99192
21370 99192
21380 99192
21390 99192
21400 99192
21410 99192
21420 99192
21430 99192
21440 99192
21450 99192
21460 99192
21470 99192
21480 99192
21490 99192
21500 99192
21510 99192
21520 99192
21530 99192
21540 99192
21550 99192
21560 99192
21570 99192
21580 99192
21590 99192
21600 99192
21610 99192
21620 99192
21630 99192
21640 99192
21650 99192
21660 99192
21670 99192
21680 99192
21690 99192
21700 99192
21710 99192
21720 99192
21730 99192
21740 99192
21750 99192
21760 99192
21770 99192
21780 99192
21790 99192
21800 99192
21810 99192
21820 99192
21830 99192
21840 99192
21850 99192
21860 99192
21870 99192
21880 99192
21890 99192
21900 99192
21910 99192
21920 99192
21930 99192
21940 99192
21950 99192
21960 99192
21970 99192
21980 99192
21990 99192
22000 99192
22010 99192
22020 99192
22030 99192
22040 99192
22050 99192
22060 99192
22070 99192
22080 99192
22090 99192
22100 99192
22110 99192
22120 99192
22130 99192
22140 99192
22150 99192
22160 99192
22170 99192
22180 99192
22190 99192
22200 99192
22210 99192
22220 99192
22230 99192
22240 99192
22250 99192
22260 99192
22270 99192
22280 99192
22290 99192
22300 99192
22310 99192
22320 99192
22330 99192
22340 99192
22350 99192
22360 99192
22370 99192
22380 99192
22390 99192
22400 99192
22410 99192
22420 99192
22430 99192
22440 99192
22450 99192
22460 99192
22470 99192
22480 99192
22490 99192
22500 99192
22510 99192
22520 99192
22530 99192
22540 99192
22550 99192
22560 99192
22570 99192
22580 99192
22590 99192
22600 99192
22610 99192
22620 99192
22630 99192
22640 99192
22650 99192
22660 99192
22670 99192
22680 99192
22690 99192
22700 99192
22710 99192
22720 99192
22730 99192
22740 99192
22750 99192
22760 99192
22770 99192
22780 99192
22790 99192
22800 99192
22810 99192
22820 99192
22830 99192
22840 99192
22850 99192
22860 99192
22870 99192
22880 99192
22890 99192
22900 99192
22910 99192
22920 99192
22930 99192
22940 99192
22950 99192
22960 99192
22970 99192
22980 99192
22990 99192
23000 99192
23010 99192
23020 99192
23030 99192
23040 99192
23050 99146
23060 99146
23070 99146
23080 99146
23090 99146
23100 99146
23110 99146
23120 99130
23130 99130
23140 99130
23150 99130
23160 99130
23170 99130
23180 99130
23190 99130
23200 99130
23210 99130
23220 99130
23230 99130
23240 99130
23250 99130
23260 99130
23270 99130
23280 99130
23290 99130
23300 99130
23310 99130
23320 99130
23330 99130
23340 99130
23350 99130
23360 99130
23370 99130
23380 99092
23390 99092
23400 99092
23410 99092
23420 99092
23430 99092
23440 99092
23450 99092
23460 99092
23470 99092
23480 99092
23490 99092
23500 99092
23510 99092
23520 99092
23530 99092
23540 99092
23550 99092
23560 99092
23570 99092
23580 99002
23590 99002
23600 99002
23610 99002
23620 99002
23630 99002
23640 99002
23650 99002
23660 99002
23670 99002
23680 99002
23690 99002
23700 99002
23710 99002
23720 99002
23730 99002
23740 99002
23750 98868
23760 98868
23770 98868
23780 98868
23790 98868
23800 98868
23810 98868
23820 98868
23830 98868
23840 98868
23850 98868
23860 98868
23870 98868
23880 98868
23890 98868
23900 98868
23910 98868
23920 98868
23930 98868
23940 98868
23950 98868
23960 98868
23970 98868
23980 98868
23990 98868
24000 98868
24010 98868
24020 98868
24030 98868
24040 98868
24050 98868
24060 98868
24070 98868
24080 98868
24090 98868
24100 98868
24110 98868
24120 98868
24130 98868
24140 98868
24150 98868
24160 98868
24170 98868
24180 98868
24190 98868
24200 98868
24210 98868
24220 98868
24230 98868
24240 98868
24250 98816
24260 98816
24270 98816
24280 98816
24290 98816
24300 98816
24310 98816
24320 98816
24330 98816
24340 98816
24350 98816
24360 98816
24370 98816
24380 98816
24390 98816
24400 98816
24410 98816
24420 98816
24430 98816
24440 98816
24450 98816
24460 98816
24470 98816
24480 98816
24490 98816
24500 98816
24510 98816
24520 98816
24530 98816
24540 98816
24550 98816
24560 98816
24570 98816
24580 98816
24590 98816
24600 98816
24610 98816
24620 98816
24630 98816
24640 98816
24650 98816
24660 98816
24670 98816
24680 98816
24690 98816
24700 98816
24710 98816
24720 98816
24730 98816
24740 98816
24750 98816
24760 98816
24770 98816
24780 98816
24790 98816
24800 98816
24810 98816
24820 98816
24830 98816
24840 98816
24850 98816
24860 98816
24870 98816
24880 98816
24890 98816
24900 98816
24910 98816
24920 98816
24930 98816
24940 98816
24950 98816
24960 98816
24970 98816
24980 98816
24990 98816
