0 636030407
10 635545993
20 635545993
30 635545993
40 634723773
50 634723773
60 634723773
70 632646592
80 632646592
90 632646592
100 632646592
110 632646592
120 630187173
130 630187173
140 630187173
150 630187173
160 629657577
170 629657577
180 629657577
190 627678259
200 625598009
210 625064383
220 625064383
230 625064383
240 617306103
250 617306103
260 617306103
270 617306103
280 616707966
290 616707966
300 616707966
310 616707966
320 616707966
330 616707966
340 616707966
350 616707966
360 616707966
370 616707966
380 616707966
390 616707966
400 616707966
410 616707966
420 616707966
430 616707966
440 611989859
450 611989859
460 611989859
470 611989859
480 611989859
490 611989859
500 611989859
510 611989859
520 611989859
530 611989859
540 611989859
550 611989859
560 607485780
570 607485780
580 607485780
590 607485780
600 607485780
610 607485780
620 607485780
630 607485780
640 607485780
650 607485780
660 607485780
670 607485780
680 607485780
690 607485780
700 607485780
710 607485780
720 607485780
730 607485780
740 607485780
750 607485780
760 607485780
770 607485780
780 607485780
790 607485780
800 607485780
810 607485780
820 607485780
830 607485780
840 607485780
850 607485780
860 607485780
870 607485780
880 607485780
890 607485780
900 607485780
910 607485780
920 607485780
930 607485780
940 607485780
950 607485780
960 607485780
970 607485780
980 607485780
990 605561518
1000 605561518
1010 605561518
1020 605561518
1030 605561518
1040 605561518
1050 605561518
1060 605561518
1070 605561518
1080 605561518
1090 605561518
1100 605561518
1110 605561518
1120 605561518
1130 605561518
1140 605561518
1150 605561518
1160 605561518
1170 605561518
1180 605561518
1190 605561518
1200 605561518
1210 605561518
1220 605561518
1230 605561518
1240 605561518
1250 605561518
1260 605561518
1270 605561518
1280 605561518
1290 605561518
1300 605561518
1310 605561518
1320 605561518
1330 605561518
1340 605561518
1350 605561518
1360 605561518
1370 604499867
1380 604499867
1390 604499867
1400 604499867
1410 604499867
1420 604499867
1430 604499867
1440 604499867
1450 604499867
1460 604499867
1470 604499867
1480 604499867
1490 604499867
1500 604499867
1510 604499867
1520 604499867
1530 604499867
1540 604499867
1550 604499867
1560 604499867
1570 604499867
1580 604499867
1590 604499867
1600 604499867
1610 604499867
1620 604499867
1630 604499867
1640 604499867
1650 604499867
1660 604499867
1670 604499867
1680 604499867
1690 604499867
1700 604499867
1710 604499867
1720 604499867
1730 604499867
1740 604499867
1750 604499867
1760 604499867
1770 604499867
1780 604499867
1790 604499867
1800 604499867
1810 604499867
1820 604499867
1830 604499867
1840 604499867
1850 604499867
1860 604499867
1870 604499867
1880 604499867
1890 604499867
1900 604499867
1910 604499867
1920 604499867
1930 604499867
1940 604499867
1950 604499867
1960 604499867
1970 604499867
1980 604499867
1990 604499867
2000 604499867
2010 604499867
2020 604499867
2030 604499867
2040 602103651
2050 602103651
2060 602103651
2070 602103651
2080 602103651
2090 602103651
2100 602103651
2110 602103651
2120 602103651
2130 602103651
2140 602103651
2150 602103651
2160 602103651
2170 602103651
2180 602103651
2190 602103651
2200 602103651
2210 602103651
2220 602103651
2230 602103651
2240 602103651
2250 602103651
2260 602103651
2270 602103651
2280 602103651
2290 602103651
2300 602103651
2310 602103651
2320 602103651
2330 602103651
2340 602103651
2350 602103651
2360 602103651
2370 602103651
2380 602103651
2390 602103651
2400 602103651
2410 602103651
2420 602103651
2430 602103651
2440 602103651
2450 602103651
2460 602103651
2470 602103651
2480 602103651
2490 602103651
2500 602103651
2510 602103651
2520 602103651
2530 602103651
2540 602103651
2550 602103651
2560 602103651
2570 602103651
2580 602103651
2590 602103651
2600 602103651
2610 602103651
2620 602103651
2630 602103651
2640 602103651
2650 602103651
2660 602103651
2670 602103651
2680 602103651
2690 602103651
2700 602103651
2710 602103651
2720 602103651
2730 602103651
2740 602103651
2750 602103651
2760 602103651
2770 602103651
2780 602103651
2790 602103651
2800 602103651
2810 602103651
2820 602103651
2830 602103651
2840 602103651
2850 602103651
2860 602103651
2870 602103651
2880 602103651
2890 602103651
2900 602103651
2910 602103651
2920 602103651
2930 602103651
2940 602103651
2950 602103651
2960 602103651
2970 602103651
2980 602103651
2990 602103651
3000 602103651
3010 602103651
3020 602103651
3030 602103651
3040 602103651
3050 602103651
3060 602103651
3070 602103651
3080 602103651
3090 602103651
3100 602103651
3110 602103651
3120 602103651
3130 602103651
3140 602103651
3150 602103651
3160 602103651
3170 602103651
3180 602103651
3190 602103651
3200 602103651
3210 602103651
3220 602103651
3230 602103651
3240 602103651
3250 602103651
3260 602103651
3270 602103651
3280 602103651
3290 602103651
3300 601964112
3310 601964112
3320 601964112
3330 601964112
3340 601964112
3350 601964112
3360 601964112
3370 601964112
3380 601964112
3390 601964112
3400 601964112
3410 601964112
3420 601964112
3430 601964112
3440 601964112
3450 601964112
3460 601964112
3470 601964112
3480 601964112
3490 601964112
3500 601964112
3510 601964112
3520 601964112
3530 601964112
3540 601964112
3550 601964112
3560 601964112
3570 601794666
3580 601794666
3590 601794666
3600 601794666
3610 601794666
3620 601794666
3630 601794666
3640 601794666
3650 601794666
3660 601794666
3670 601794666
3680 601794666
3690 601794666
3700 601794666
3710 601794666
3720 601794666
3730 601794666
3740 601794666
3750 601794666
3760 601794666
3770 601794666
3780 601794666
3790 601794666
3800 601794666
3810 601794666
3820 601794666
3830 601794666
3840 601794666
3850 601794666
3860 601794666
3870 600310334
3880 600310334
3890 600310334
3900 600310334
3910 600310334
3920 600310334
3930 600310334
3940 600310334
3950 600310334
3960 600310334
3970 600310334
3980 600310334
3990 600310334
4000 600310334
4010 600310334
4020 600310334
4030 600310334
4040 600310334
4050 600310334
4060 600310334
4070 600310334
4080 600310334
4090 600310334
4100 600310334
4110 600310334
4120 600310334
4130 600310334
4140 600310334
4150 600310334
4160 600310334
4170 600310334
4180 600310334
4190 600310334
4200 600310334
4210 600310334
4220 598303849
4230 598303849
4240 598303849
4250 598303849
4260 598303849
4270 598303849
4280 598303849
4290 598303849
4300 598303849
4310 598303849
4320 598303849
4330 598303849
4340 598303849
4350 598303849
4360 598303849
4370 598303849
4380 598303849
4390 598303849
4400 598303849
4410 598303849
4420 598303849
4430 598303849
4440 598303849
4450 598303849
4460 598303849
4470 598303849
4480 598303849
4490 598303849
4500 598303849
4510 598303849
4520 598303849
4530 598303849
4540 598303849
4550 598303849
4560 598303849
4570 598303849
4580 598303849
4590 598303849
4600 598303849
4610 598303849
4620 598303849
4630 598303849
4640 598303849
4650 598303849
4660 598303849
4670 598303849
4680 598303849
4690 598303849
4700 598303849
4710 598303849
4720 598303849
4730 598303849
4740 598303849
4750 598303849
4760 598303849
4770 598303849
4780 598303849
4790 598303849
4800 598303849
4810 598303849
4820 597966009
4830 597966009
4840 597966009
4850 597966009
4860 597966009
4870 597966009
4880 597966009
4890 597966009
4900 597966009
4910 597966009
4920 597966009
4930 597966009
4940 597966009
4950 597966009
4960 597966009
4970 597966009
4980 597966009
4990 597966009
5000 597966009
5010 597966009
5020 597966009
5030 597966009
5040 597966009
5050 597966009
5060 597966009
5070 597966009
5080 597966009
5090 597966009
5100 597966009
5110 597966009
5120 597966009
5130 597966009
5140 597966009
5150 597966009
5160 597966009
5170 597966009
5180 597966009
5190 597966009
5200 597037894
5210 597037894
5220 597037894
5230 597037894
5240 597037894
5250 597037894
5260 597037894
5270 597037894
5280 597037894
5290 597037894
5300 597037894
5310 597037894
5320 597037894
5330 597037894
5340 597037894
5350 597037894
5360 597037894
5370 597037894
5380 597037894
5390 597037894
5400 597037894
5410 597037894
5420 597037894
5430 597037894
5440 597037894
5450 597037894
5460 597037894
5470 597037894
5480 597037894
5490 597037894
5500 597037894
5510 597037894
5520 597037894
5530 597037894
5540 597037894
5550 597037894
5560 597037894
5570 597037894
5580 597037894
5590 597037894
5600 597037894
5610 597037894
5620 597037894
5630 597037894
5640 597037894
5650 597037894
5660 597037894
5670 597037894
5680 597037894
5690 597037894
5700 597037894
5710 597037894
5720 597037894
5730 597037894
5740 597037894
5750 597037894
5760 597037894
5770 597037894
5780 597037894
5790 597037894
5800 597037894
5810 597037894
5820 597037894
5830 597037894
5840 597037894
5850 597037894
5860 597037894
5870 597037894
5880 597037894
5890 597037894
5900 597037894
5910 597037894
5920 597037894
5930 597037894
5940 597037894
5950 597037894
5960 597037894
5970 595561210
5980 595561210
5990 595561210
6000 595561210
6010 595561210
6020 595561210
6030 595561210
6040 595561210
6050 595561210
6060 595561210
6070 595561210
6080 595561210
6090 595561210
6100 595561210
6110 595561210
6120 595561210
6130 595561210
6140 595561210
6150 595561210
6160 595561210
6170 595561210
6180 595561210
6190 595561210
6200 595561210
6210 595561210
6220 595561210
6230 595561210
6240 595561210
6250 593408234
6260 593408234
6270 593408234
6280 593408234
6290 593408234
6300 593408234
6310 593408234
6320 593408234
6330 593408234
6340 593408234
6350 593408234
6360 593408234
6370 593408234
6380 593408234
6390 593408234
6400 593408234
6410 593408234
6420 593408234
6430 593408234
6440 593408234
6450 593408234
6460 593408234
6470 593408234
6480 593408234
6490 593408234
6500 593408234
6510 593408234
6520 593408234
6530 593408234
6540 593408234
6550 593408234
6560 593408234
6570 593408234
6580 593408234
6590 593408234
6600 593408234
6610 593408234
6620 593408234
6630 593408234
6640 593408234
6650 593408234
6660 593408234
6670 593408234
6680 593408234
6690 593408234
6700 593408234
6710 593408234
6720 593408234
6730 593408234
6740 593408234
6750 593408234
6760 593408234
6770 593408234
6780 593408234
6790 593408234
6800 593408234
6810 593408234
6820 593408234
6830 593408234
6840 593408234
6850 593408234
6860 593408234
6870 593408234
6880 593408234
6890 593408234
6900 593408234
6910 593408234
6920 593408234
6930 593408234
6940 593408234
6950 593408234
6960 593408234
6970 593408234
6980 593408234
6990 593408234
7000 593408234
7010 593408234
7020 593408234
7030 593408234
7040 593408234
7050 593408234
7060 593408234
7070 593408234
7080 593408234
7090 593408234
7100 593408234
7110 593408234
7120 593408234
7130 593408234
7140 593408234
7150 593408234
7160 593408234
7170 593408234
7180 593408234
7190 593408234
7200 593408234
7210 593408234
7220 593408234
7230 593408234
7240 593408234
7250 593408234
7260 593408234
7270 593408234
7280 593408234
7290 593408234
7300 593408234
7310 593408234
7320 593408234
7330 593408234
7340 593408234
7350 593408234
7360 593408234
7370 593408234
7380 593408234
7390 593408234
7400 593408234
7410 593408234
7420 593408234
7430 593408234
7440 593408234
7450 593408234
7460 593408234
7470 593408234
7480 593408234
7490 593408234
7500 593408234
7510 593408234
7520 593408234
7530 593408234
7540 593408234
7550 593408234
7560 593408234
7570 593408234
7580 593408234
7590 593408234
7600 593408234
7610 593408234
7620 593408234
7630 593408234
7640 593408234
7650 593408234
7660 593408234
7670 593408234
7680 593408234
7690 593408234
7700 593408234
7710 593408234
7720 593408234
7730 593408234
7740 593408234
7750 593408234
7760 593408234
7770 593408234
7780 593408234
7790 593408234
7800 593408234
7810 593408234
7820 593408234
7830 593408234
7840 593408234
7850 593408234
7860 593408234
7870 593408234
7880 593408234
7890 593408234
7900 593408234
7910 593408234
7920 593408234
7930 593408234
7940 593408234
7950 593408234
7960 593408234
7970 593408234
7980 593408234
7990 593408234
8000 593408234
8010 593408234
8020 593408234
8030 593408234
8040 593408234
8050 593408234
8060 593408234
8070 593408234
8080 593408234
8090 593408234
8100 593408234
8110 593408234
8120 593408234
8130 593408234
8140 593408234
8150 593408234
8160 593408234
8170 593408234
8180 593408234
8190 593408234
8200 593408234
8210 593408234
8220 593408234
8230 593408234
8240 593408234
8250 593408234
8260 593408234
8270 593408234
8280 593408234
8290 593408234
8300 593408234
8310 593408234
8320 593408234
8330 593408234
8340 593408234
8350 593408234
8360 593408234
8370 593408234
8380 593408234
8390 593408234
8400 593408234
8410 593408234
8420 593408234
8430 593408234
8440 593408234
8450 593408234
8460 593408234
8470 593408234
8480 593408234
8490 593408234
8500 593408234
8510 593408234
8520 593408234
8530 593408234
8540 593408234
8550 593408234
8560 593408234
8570 593408234
8580 593408234
8590 593408234
8600 592236480
8610 592236480
8620 592236480
8630 592236480
8640 592236480
8650 592236480
8660 592236480
8670 592236480
8680 592236480
8690 592236480
8700 592236480
8710 592236480
8720 592236480
8730 592236480
8740 592236480
8750 592236480
8760 592236480
8770 592236480
8780 592236480
8790 592236480
8800 592236480
8810 592236480
8820 592236480
8830 592236480
8840 592236480
8850 592236480
8860 592236480
8870 592236480
8880 592236480
8890 592236480
8900 592236480
8910 592236480
8920 592236480
8930 592236480
8940 592236480
8950 592236480
8960 592236480
8970 592236480
8980 592236480
8990 592236480
9000 592236480
9010 592236480
9020 592236480
9030 592236480
9040 592236480
9050 592236480
9060 592236480
9070 592236480
9080 592236480
9090 592236480
9100 592236480
9110 592236480
9120 592236480
9130 592236480
9140 592236480
9150 592236480
9160 592236480
9170 592236480
9180 592236480
9190 592236480
9200 592236480
9210 592236480
9220 592236480
9230 592236480
9240 592236480
9250 592236480
9260 592236480
9270 592236480
9280 592236480
9290 592236480
9300 592236480
9310 592236480
9320 592236480
9330 592236480
9340 592236480
9350 592236480
9360 592236480
9370 592236480
9380 592236480
9390 592236480
9400 592236480
9410 592236480
9420 592236480
9430 592236480
9440 592236480
9450 592236480
9460 592236480
9470 592236480
9480 592236480
9490 592236480
9500 592236480
9510 592236480
9520 592236480
9530 592236480
9540 592236480
9550 592236480
9560 592236480
9570 592236480
9580 592236480
9590 592236480
9600 592236480
9610 592236480
9620 592236480
9630 592236480
9640 592236480
9650 592236480
9660 592236480
9670 592236480
9680 592236480
9690 592236480
9700 592236480
9710 592236480
9720 592236480
9730 592236480
9740 592236480
9750 592236480
9760 592236480
9770 592236480
9780 592236480
9790 592236480
9800 592236480
9810 592236480
9820 592236480
9830 592236480
9840 592236480
9850 592236480
9860 592236480
9870 592236480
9880 592236480
9890 592236480
9900 592236480
9910 592236480
9920 592236480
9930 592236480
9940 592236480
9950 592236480
9960 592236480
9970 592236480
9980 592236480
9990 592236480
10000 592236480
10010 592236480
10020 588432603
10030 588432603
10040 588432603
10050 588432603
10060 588432603
10070 588432603
10080 588432603
10090 588432603
10100 588432603
10110 588432603
10120 588432603
10130 588432603
10140 588432603
10150 588432603
10160 588432603
10170 588432603
10180 588432603
10190 588432603
10200 588432603
10210 588432603
10220 588432603
10230 588432603
10240 588432603
10250 588432603
10260 588432603
10270 588432603
10280 588432603
10290 588432603
10300 588432603
10310 588432603
10320 588432603
10330 588432603
10340 588432603
10350 588432603
10360 588432603
10370 588432603
10380 588432603
10390 588432603
10400 588432603
10410 588432603
10420 588432603
10430 588432603
10440 588432603
10450 588432603
10460 588432603
10470 588432603
10480 588432603
10490 588432603
10500 588432603
10510 588432603
10520 588432603
10530 588432603
10540 588432603
10550 588432603
10560 588432603
10570 588432603
10580 588432603
10590 588432603
10600 588432603
10610 588432603
10620 588432603
10630 588432603
10640 588432603
10650 588432603
10660 588432603
10670 588432603
10680 588432603
10690 588432603
10700 588432603
10710 588432603
10720 588432603
10730 588432603
10740 588432603
10750 588432603
10760 588432603
10770 588432603
10780 588432603
10790 588432603
10800 588432603
10810 588432603
10820 588432603
10830 588432603
10840 588432603
10850 588432603
10860 588432603
10870 588432603
10880 588432603
10890 588432603
10900 588432603
10910 588432603
10920 588432603
10930 588432603
10940 588432603
10950 588432603
10960 588432603
10970 588432603
10980 588432603
10990 588432603
11000 588432603
11010 588432603
11020 588432603
11030 588432603
11040 588432603
11050 588432603
11060 588432603
11070 588432603
11080 588432603
11090 588432603
11100 588432603
11110 588432603
11120 588432603
11130 588432603
11140 588432603
11150 588432603
11160 588432603
11170 588432603
11180 588432603
11190 588432603
11200 588432603
11210 588432603
11220 588432603
11230 588432603
11240 588432603
11250 588432603
11260 588432603
11270 588432603
11280 588432603
11290 588432603
11300 588432603
11310 588432603
11320 588432603
11330 588432603
11340 588432603
11350 588432603
11360 588432603
11370 588432603
11380 588432603
11390 588432603
11400 588432603
11410 588432603
11420 588432603
11430 588432603
11440 588432603
11450 588432603
11460 588432603
11470 588432603
11480 588432603
11490 588432603
11500 588432603
11510 588432603
11520 588432603
11530 588432603
11540 588432603
11550 588432603
11560 588432603
11570 588432603
11580 588432603
11590 588432603
11600 588432603
11610 588432603
11620 588432603
11630 588432603
11640 588432603
11650 588432603
11660 588432603
11670 588432603
11680 588432603
11690 588432603
11700 588432603
11710 588432603
11720 588432603
11730 588432603
11740 588432603
11750 588432603
11760 588432603
11770 588432603
11780 588432603
11790 588432603
11800 588432603
11810 588432603
11820 588432603
11830 588432603
11840 588432603
11850 588432603
11860 588432603
11870 588432603
11880 588432603
11890 588432603
11900 588432603
11910 588432603
11920 588432603
11930 588432603
11940 588432603
11950 588432603
11960 588432603
11970 588432603
11980 588432603
11990 588432603
12000 588432603
12010 588432603
12020 588432603
12030 588432603
12040 588432603
12050 588432603
12060 588432603
12070 588432603
12080 588432603
12090 588432603
12100 588432603
12110 588432603
12120 588432603
12130 588432603
12140 588432603
12150 588432603
12160 588432603
12170 588432603
12180 588432603
12190 588432603
12200 588432603
12210 588432603
12220 588432603
12230 588432603
12240 588432603
12250 588432603
12260 588432603
12270 588432603
12280 588432603
12290 588432603
12300 588432603
12310 588432603
12320 588432603
12330 588432603
12340 588432603
12350 588432603
12360 588432603
12370 588432603
12380 588432603
12390 588432603
12400 588432603
12410 588432603
12420 588432603
12430 588432603
12440 588432603
12450 588432603
12460 588432603
12470 588432603
12480 588432603
12490 588432603
12500 588432603
12510 588432603
12520 588432603
12530 588432603
12540 588432603
12550 588432603
12560 588432603
12570 588432603
12580 588432603
12590 588432603
12600 588432603
12610 588432603
12620 588432603
12630 588432603
12640 588432603
12650 588432603
12660 588432603
12670 588432603
12680 588432603
12690 588432603
12700 588432603
12710 588432603
12720 588432603
12730 588432603
12740 588432603
12750 588432603
12760 588432603
12770 588432603
12780 588432603
12790 588432603
12800 588432603
12810 588432603
12820 588432603
12830 588432603
12840 588432603
12850 588432603
12860 588432603
12870 588432603
12880 588432603
12890 588432603
12900 588432603
12910 588432603
12920 588432603
12930 588432603
12940 588432603
12950 588432603
12960 588432603
12970 588432603
12980 588432603
12990 588432603
13000 588432603
13010 588432603
13020 588432603
13030 588432603
13040 588432603
13050 588432603
13060 588432603
13070 588432603
13080 588432603
13090 588432603
13100 588432603
13110 588432603
13120 588432603
13130 588432603
13140 588432603
13150 588432603
13160 588432603
13170 588432603
13180 588432603
13190 588432603
13200 588432603
13210 588432603
13220 588432603
13230 588432603
13240 588432603
13250 588432603
13260 588432603
13270 588432603
13280 588432603
13290 588432603
13300 588432603
13310 588432603
13320 588432603
13330 588432603
13340 588432603
13350 588432603
13360 588432603
13370 588432603
13380 588432603
13390 588432603
13400 588432603
13410 588432603
13420 588432603
13430 588432603
13440 588432603
13450 588432603
13460 588432603
13470 588432603
13480 588432603
13490 588432603
13500 588432603
13510 588432603
13520 588432603
13530 588432603
13540 588432603
13550 588432603
13560 588432603
13570 588432603
13580 588432603
13590 588432603
13600 588432603
13610 588432603
13620 588432603
13630 588432603
13640 588432603
13650 588432603
13660 588432603
13670 588432603
13680 588432603
13690 588432603
13700 588432603
13710 588432603
13720 588432603
13730 588432603
13740 588432603
13750 588432603
13760 588432603
13770 588432603
13780 588432603
13790 588432603
13800 588432603
13810 588432603
13820 588432603
13830 588432603
13840 588432603
13850 588432603
13860 588432603
13870 588432603
13880 588432603
13890 588432603
13900 588432603
13910 588432603
13920 588432603
13930 588432603
13940 588432603
13950 588432603
13960 588432603
13970 588432603
13980 588432603
13990 588432603
14000 588432603
14010 588432603
14020 588432603
14030 588432603
14040 588432603
14050 588432603
14060 588432603
14070 588432603
14080 588432603
14090 588432603
14100 588432603
14110 588432603
14120 588432603
14130 588432603
14140 588432603
14150 588432603
14160 588432603
14170 588432603
14180 588432603
14190 588432603
14200 588432603
14210 588432603
14220 588432603
14230 588432603
14240 588432603
14250 588432603
14260 588432603
14270 588432603
14280 588432603
14290 588432603
14300 588432603
14310 588432603
14320 588432603
14330 588432603
14340 588432603
14350 588432603
14360 588432603
14370 588432603
14380 588432603
14390 588432603
14400 588432603
14410 588432603
14420 588432603
14430 588432603
14440 588432603
14450 588432603
14460 588432603
14470 588432603
14480 588432603
14490 588432603
14500 588432603
14510 588432603
14520 588432603
14530 588432603
14540 588432603
14550 588432603
14560 588432603
14570 588432603
14580 588432603
14590 588432603
14600 588432603
14610 588432603
14620 588432603
14630 588432603
14640 588432603
14650 588432603
14660 588432603
14670 588432603
14680 588432603
14690 588432603
14700 588432603
14710 588432603
14720 588432603
14730 588432603
14740 588432603
14750 588432603
14760 588432603
14770 588432603
14780 588432603
14790 588432603
14800 588432603
14810 588432603
14820 587297553
14830 587297553
14840 587297553
14850 587297553
14860 587297553
14870 587297553
14880 587297553
14890 587297553
14900 587297553
14910 587297553
14920 587297553
14930 587297553
14940 587297553
14950 587297553
14960 587297553
14970 587297553
14980 587297553
14990 587297553
15000 587297553
15010 587297553
15020 587297553
15030 587297553
15040 587297553
15050 587297553
15060 587297553
15070 587297553
15080 587297553
15090 587297553
15100 587297553
15110 587297553
15120 587297553
15130 587297553
15140 587297553
15150 587297553
15160 587297553
15170 587297553
15180 587297553
15190 587297553
15200 587297553
15210 587297553
15220 587297553
15230 587297553
15240 587297553
15250 587297553
15260 587297553
15270 587297553
15280 587297553
15290 587297553
15300 587297553
15310 587297553
15320 587297553
15330 587297553
15340 587297553
15350 587297553
15360 587297553
15370 587297553
15380 587297553
15390 587297553
15400 587297553
15410 587297553
15420 587297553
15430 587297553
15440 587297553
15450 587297553
15460 587297553
15470 587297553
15480 587297553
15490 587297553
15500 587297553
15510 587297553
15520 587297553
15530 587297553
15540 587297553
15550 587297553
15560 587297553
15570 587297553
15580 587297553
15590 587297553
15600 587297553
15610 587297553
15620 587297553
15630 587297553
15640 587297553
15650 587297553
15660 587297553
15670 587297553
15680 587297553
15690 587297553
15700 587297553
15710 587297553
15720 587297553
15730 587297553
15740 587297553
15750 587297553
15760 587297553
15770 587297553
15780 587297553
15790 587297553
15800 587297553
15810 587297553
15820 587297553
15830 587297553
15840 587297553
15850 587297553
15860 587297553
15870 587297553
15880 587297553
15890 587297553
15900 587297553
15910 587297553
15920 587297553
15930 587297553
15940 587297553
15950 587297553
15960 587297553
15970 587297553
15980 587297553
15990 587297553
16000 587297553
16010 587297553
16020 587297553
16030 587297553
16040 587297553
16050 587297553
16060 587297553
16070 587297553
16080 587297553
16090 587297553
16100 587297553
16110 587297553
16120 587297553
16130 587297553
16140 587297553
16150 587297553
16160 587297553
16170 587297553
16180 587297553
16190 587297553
16200 587297553
16210 587297553
16220 587297553
16230 587297553
16240 587297553
16250 587297553
16260 587297553
16270 587297553
16280 587297553
16290 587297553
16300 587297553
16310 587297553
16320 587297553
16330 587297553
16340 587297553
16350 587297553
16360 587297553
16370 587297553
16380 587297553
16390 587297553
16400 587297553
16410 587297553
16420 587297553
16430 587297553
16440 587297553
16450 587297553
16460 587297553
16470 587297553
16480 587297553
16490 587297553
16500 587297553
16510 587297553
16520 587297553
16530 587297553
16540 587297553
16550 587297553
16560 587297553
16570 587297553
16580 587297553
16590 587297553
16600 587297553
16610 587297553
16620 587297553
16630 587297553
16640 587297553
16650 587297553
16660 587297553
16670 587297553
16680 587297553
16690 587297553
16700 587297553
16710 587297553
16720 587297553
16730 587297553
16740 587297553
16750 587297553
16760 587297553
16770 587297553
16780 587297553
16790 587297553
16800 587297553
16810 587297553
16820 587297553
16830 587297553
16840 587297553
16850 587297553
16860 587297553
16870 587297553
16880 587297553
16890 587297553
16900 587297553
16910 587297553
16920 587297553
16930 587297553
16940 587297553
16950 587297553
16960 587297553
16970 587297553
16980 587297553
16990 587297553
17000 587297553
17010 587297553
17020 587297553
17030 587297553
17040 587297553
17050 587297553
17060 587297553
17070 587297553
17080 587297553
17090 587297553
17100 587297553
17110 587297553
17120 587297553
17130 582733862
17140 582733862
17150 582733862
17160 582733862
17170 582733862
17180 582733862
17190 582733862
17200 582733862
17210 582733862
17220 582733862
17230 582733862
17240 582733862
17250 582733862
17260 582733862
17270 582733862
17280 582733862
17290 582733862
17300 582733862
17310 582733862
17320 582733862
17330 582733862
17340 582733862
17350 582733862
17360 582733862
17370 582733862
17380 582733862
17390 582733862
17400 582733862
17410 582733862
17420 582733862
17430 582733862
17440 582733862
17450 582733862
17460 582733862
17470 582733862
17480 582733862
17490 582733862
17500 582733862
17510 582733862
17520 582733862
17530 582733862
17540 582733862
17550 582733862
17560 582733862
17570 582733862
17580 582733862
17590 582733862
17600 582733862
17610 582733862
17620 582733862
17630 582733862
17640 582733862
17650 582733862
17660 582733862
17670 582733862
17680 582733862
17690 582733862
17700 582733862
17710 582733862
17720 582733862
17730 582733862
17740 582733862
17750 582733862
17760 582733862
17770 582733862
17780 582733862
17790 582733862
17800 582733862
17810 582733862
17820 582733862
17830 582733862
17840 582733862
17850 582733862
17860 582733862
17870 582733862
17880 582733862
17890 582733862
17900 582733862
17910 582733862
17920 582733862
17930 582733862
17940 582733862
17950 582733862
17960 582733862
17970 582733862
17980 582733862
17990 582733862
18000 582733862
18010 582733862
18020 582733862
18030 582733862
18040 582733862
18050 582733862
18060 582733862
18070 582733862
18080 582733862
18090 582733862
18100 582733862
18110 582733862
18120 582733862
18130 582733862
18140 582733862
18150 582733862
18160 582733862
18170 582733862
18180 582733862
18190 582733862
18200 582733862
18210 582733862
18220 582733862
18230 582733862
18240 582733862
18250 582733862
18260 582733862
18270 582733862
18280 582733862
18290 582733862
18300 582733862
18310 582733862
18320 582733862
18330 582733862
18340 582733862
18350 582733862
18360 582733862
18370 582733862
18380 582733862
18390 582733862
18400 582733862
18410 582733862
18420 582733862
18430 582733862
18440 582733862
18450 582733862
18460 582733862
18470 582733862
18480 582733862
18490 582733862
18500 582733862
18510 582733862
18520 582733862
18530 582733862
18540 582733862
18550 582733862
18560 582733862
18570 582733862
18580 582733862
18590 582733862
18600 582733862
18610 582733862
18620 582733862
18630 582733862
18640 582733862
18650 582733862
18660 582733862
18670 582733862
18680 582733862
18690 582733862
18700 582733862
18710 582733862
18720 582733862
18730 582733862
18740 582733862
18750 582733862
18760 582733862
18770 582733862
18780 582733862
18790 582733862
18800 582733862
18810 582733862
18820 582733862
18830 582733862
18840 582733862
18850 582733862
18860 582733862
18870 582733862
18880 582733862
18890 582733862
18900 582733862
18910 582733862
18920 582733862
18930 582733862
18940 582733862
18950 582733862
18960 582733862
18970 582733862
18980 582733862
18990 582733862
19000 582733862
19010 582733862
19020 582733862
19030 582733862
19040 582733862
19050 582733862
19060 582733862
19070 582733862
19080 582733862
19090 582733862
19100 582733862
19110 582733862
19120 582733862
19130 582733862
19140 582733862
19150 582733862
19160 582733862
19170 582733862
19180 582733862
19190 582733862
19200 582733862
19210 582733862
19220 582733862
19230 582733862
19240 582733862
19250 582733862
19260 582733862
19270 582733862
19280 582733862
19290 582733862
19300 582733862
19310 582733862
19320 582733862
19330 582733862
19340 582733862
19350 582733862
19360 582733862
19370 582733862
19380 582733862
19390 582733862
19400 582733862
19410 582733862
19420 582733862
19430 582733862
19440 582733862
19450 582733862
19460 582733862
19470 582733862
19480 582733862
19490 582733862
19500 582733862
19510 582733862
19520 582733862
19530 582733862
19540 582733862
19550 582733862
19560 582733862
19570 582733862
19580 582733862
19590 582733862
19600 582733862
19610 582733862
19620 582733862
19630 582733862
19640 582733862
19650 582733862
19660 582733862
19670 582733862
19680 582733862
19690 582733862
19700 582733862
19710 582733862
19720 582733862
19730 582733862
19740 582733862
19750 582733862
19760 582733862
19770 582733862
19780 582733862
19790 582733862
19800 582733862
19810 582733862
19820 582733862
19830 582733862
19840 582733862
19850 582733862
19860 582733862
19870 582733862
19880 582733862
19890 582733862
19900 582733862
19910 582733862
19920 582733862
19930 582733862
19940 582733862
19950 582733862
19960 582733862
19970 582733862
19980 582733862
19990 582733862
20000 582733862
20010 582733862
20020 582733862
20030 582733862
20040 582733862
20050 582733862
20060 582733862
20070 582733862
20080 582733862
20090 582733862
20100 582733862
20110 582733862
20120 582733862
20130 582733862
20140 582733862
20150 582733862
20160 582733862
20170 582733862
20180 582733862
20190 582733862
20200 582733862
20210 582733862
20220 582733862
20230 582733862
20240 582733862
20250 582733862
20260 582733862
20270 582733862
20280 582733862
20290 582733862
20300 582733862
20310 582733862
20320 582733862
20330 582733862
20340 582733862
20350 582733862
20360 582733862
20370 582733862
20380 582733862
20390 582733862
20400 582733862
20410 582733862
20420 582733862
20430 582733862
20440 582733862
20450 582733862
20460 582733862
20470 582733862
20480 582733862
20490 582733862
20500 582733862
20510 582733862
20520 582733862
20530 582733862
20540 582733862
20550 582733862
20560 582733862
20570 582733862
20580 582733862
20590 582733862
20600 582733862
20610 582733862
20620 582733862
20630 582733862
20640 582733862
20650 582733862
20660 582733862
20670 582733862
20680 582733862
20690 582733862
20700 582733862
20710 582733862
20720 582733862
20730 582733862
20740 582733862
20750 582733862
20760 582733862
20770 582733862
20780 582733862
20790 582733862
20800 582733862
20810 582733862
20820 582733862
20830 582733862
20840 582733862
20850 582733862
20860 582733862
20870 582733862
20880 582733862
20890 582733862
20900 582733862
20910 582733862
20920 582733862
20930 582733862
20940 582733862
20950 582733862
20960 582733862
20970 582733862
20980 582733862
20990 582733862
21000 582733862
21010 582733862
21020 582733862
21030 582733862
21040 582733862
21050 582733862
21060 582733862
21070 582733862
21080 582733862
21090 582733862
21100 582733862
21110 582733862
21120 582733862
21130 582733862
21140 582733862
21150 582733862
21160 582733862
21170 582733862
21180 582733862
21190 582733862
21200 582733862
21210 582733862
21220 582733862
21230 582733862
21240 582733862
21250 582733862
21260 582733862
21270 582733862
21280 582733862
21290 582733862
21300 582733862
21310 582733862
21320 582733862
21330 582733862
21340 582733862
21350 582733862
21360 582733862
21370 582733862
21380 582733862
21390 582733862
21400 582733862
21410 582733862
21420 582733862
21430 582733862
21440 582733862
21450 582733862
21460 582733862
21470 582733862
21480 582733862
21490 582733862
21500 582733862
21510 582733862
21520 582733862
21530 582733862
21540 582733862
21550 582733862
21560 582733862
21570 582733862
21580 582733862
21590 582733862
21600 582733862
21610 582733862
21620 582733862
21630 582733862
21640 582733862
21650 582733862
21660 582733862
21670 582733862
21680 582733862
21690 582733862
21700 582733862
21710 582733862
21720 582733862
21730 582733862
21740 582733862
21750 582733862
21760 582733862
21770 582733862
21780 582733862
21790 582733862
21800 582733862
21810 582733862
21820 582733862
21830 582733862
21840 582733862
21850 582733862
21860 582733862
21870 582733862
21880 582733862
21890 582733862
21900 582733862
21910 582733862
21920 582733862
21930 582733862
21940 582733862
21950 582733862
21960 582733862
21970 582733862
21980 582733862
21990 582733862
22000 582733862
22010 582733862
22020 582733862
22030 582733862
22040 582733862
22050 582733862
22060 582733862
22070 582733862
22080 582733862
22090 582733862
22100 582733862
22110 582733862
22120 582733862
22130 582733862
22140 582733862
22150 582733862
22160 582733862
22170 582733862
22180 582733862
22190 582733862
22200 582733862
22210 582733862
22220 582733862
22230 582733862
22240 582733862
22250 582733862
22260 582733862
22270 582733862
22280 582733862
22290 582733862
22300 582733862
22310 582733862
22320 582733862
22330 582733862
22340 582733862
22350 582733862
22360 582733862
22370 582733862
22380 582733862
22390 582733862
22400 582733862
22410 582733862
22420 582733862
22430 582733862
22440 582733862
22450 582733862
22460 582733862
22470 582733862
22480 582733862
22490 582733862
22500 582733862
22510 582733862
22520 582733862
22530 582733862
22540 582733862
22550 582733862
22560 582733862
22570 582733862
22580 582733862
22590 582733862
22600 582733862
22610 582733862
22620 582733862
22630 582733862
22640 582733862
22650 582733862
22660 582733862
22670 582733862
22680 582733862
22690 582733862
22700 582733862
22710 582733862
22720 582733862
22730 582733862
22740 582733862
22750 582733862
22760 582733862
22770 582733862
22780 582733862
22790 582733862
22800 582733862
22810 582733862
22820 582733862
22830 582733862
22840 582733862
22850 582733862
22860 582733862
22870 582733862
22880 582733862
22890 582733862
22900 582733862
22910 582733862
22920 582733862
22930 582733862
22940 582733862
22950 582733862
22960 582733862
22970 582733862
22980 582733862
22990 582733862
23000 582733862
23010 582733862
23020 582733862
23030 582733862
23040 582733862
23050 582733862
23060 582733862
23070 582733862
23080 582733862
23090 582733862
23100 582733862
23110 582733862
23120 582733862
23130 582733862
23140 582733862
23150 582733862
23160 582733862
23170 582733862
23180 582733862
23190 582733862
23200 582733862
23210 582733862
23220 582733862
23230 582733862
23240 582733862
23250 582733862
23260 582733862
23270 582733862
23280 582733862
23290 582733862
23300 582733862
23310 582733862
23320 582733862
23330 582733862
23340 582733862
23350 582733862
23360 582733862
23370 582733862
23380 582733862
23390 582733862
23400 582733862
23410 582733862
23420 582733862
23430 582733862
23440 582733862
23450 582733862
23460 582733862
23470 582733862
23480 582733862
23490 582733862
23500 582733862
23510 582733862
23520 582733862
23530 582733862
23540 582733862
23550 582733862
23560 582733862
23570 582733862
23580 582733862
23590 582733862
23600 582733862
23610 582733862
23620 582733862
23630 582733862
23640 582733862
23650 582733862
23660 582733862
23670 582733862
23680 582733862
23690 582733862
23700 582733862
23710 582733862
23720 582733862
23730 582733862
23740 582733862
23750 582733862
23760 582733862
23770 582733862
23780 582733862
23790 582733862
23800 582733862
23810 582733862
23820 582733862
23830 582733862
23840 582733862
23850 582733862
23860 582733862
23870 582733862
23880 582733862
23890 582733862
23900 582733862
23910 582733862
23920 582733862
23930 582733862
23940 582733862
23950 582733862
23960 582733862
23970 582733862
23980 582733862
23990 582733862
24000 582733862
24010 582733862
24020 582733862
24030 582733862
24040 582733862
24050 582733862
24060 582733862
24070 582733862
24080 582733862
24090 582733862
24100 582733862
24110 582733862
24120 582733862
24130 582733862
24140 582733862
24150 582733862
24160 582733862
24170 582733862
24180 582733862
24190 582733862
24200 582733862
24210 582733862
24220 582733862
24230 582733862
24240 582733862
24250 582733862
24260 582733862
24270 582733862
24280 582733862
24290 582733862
24300 582733862
24310 582733862
24320 582733862
24330 582733862
24340 582733862
24350 582733862
24360 582733862
24370 582733862
24380 582733862
24390 582733862
24400 582733862
24410 582733862
24420 582733862
24430 582733862
24440 582733862
24450 582733862
24460 582733862
24470 582733862
24480 582733862
24490 582733862
24500 582733862
24510 582733862
24520 582733862
24530 582733862
24540 582733862
24550 582733862
24560 582733862
24570 582733862
24580 582733862
24590 582733862
24600 582733862
24610 582733862
24620 582733862
24630 582733862
24640 582733862
24650 582733862
24660 582733862
24670 582733862
24680 582733862
24690 582733862
24700 582733862
24710 582733862
24720 582733862
24730 582733862
24740 582733862
24750 582733862
24760 582733862
24770 582733862
24780 582733862
24790 582733862
24800 582733862
24810 582733862
24820 582733862
24830 582733862
24840 582733862
24850 582733862
24860 582733862
24870 582733862
24880 582733862
24890 582733862
24900 582733862
24910 582733862
24920 582733862
24930 582733862
24940 582733862
24950 582733862
24960 582733862
24970 582733862
24980 582733862
24990 582733862
