0 23843700
10 23843700
20 23835430
30 23835264
40 23737694
50 23737694
60 23669014
70 23669014
80 23669014
90 23669014
100 23666444
110 23666444
120 23658974
130 23658974
140 23658974
150 23595828
160 23595828
170 23576896
180 23576896
190 23576896
200 23493190
210 23493190
220 23493190
230 23493190
240 23493190
250 23493190
260 23493190
270 23493190
280 23493190
290 23493190
300 23447634
310 23447634
320 23447634
330 23447634
340 23447634
350 23447634
360 23447634
370 23447634
380 23447634
390 23447634
400 23447634
410 23372860
420 23372860
430 23372860
440 23372860
450 23372860
460 23372860
470 23372860
480 23372860
490 23372860
500 23372860
510 23372860
520 23372860
530 23372860
540 23372860
550 23372860
560 23372860
570 23372860
580 23372860
590 23372860
600 23372860
610 23372860
620 23372860
630 23372860
640 23372860
650 23372860
660 23372860
670 23372860
680 23372860
690 23372860
700 23372860
710 23372860
720 23372860
730 23372860
740 23372860
750 23370418
760 23360532
770 23360532
780 23360532
790 23360532
800 23360532
810 23360532
820 23360532
830 23360532
840 23360532
850 23360532
860 23360532
870 23360532
880 23360532
890 23360532
900 23360532
910 23360532
920 23360532
930 23360532
940 23360532
950 23360532
960 23360532
970 23253058
980 23253058
990 23253058
1000 23253058
1010 23253058
1020 23253058
1030 23253058
1040 23253058
1050 23253058
1060 23253058
1070 23253058
1080 23253058
1090 23253058
1100 23253058
1110 23253058
1120 23253058
1130 23253058
1140 23253058
1150 23253058
1160 23253058
1170 23253058
1180 23253058
1190 23253058
1200 23253058
1210 23253058
1220 23253058
1230 23253058
1240 23253058
1250 23253058
1260 23253058
1270 23253058
1280 23212860
1290 23212860
1300 23212860
1310 23212860
1320 23212860
1330 23212860
1340 23212860
1350 23212860
1360 23212860
1370 23212860
1380 23212860
1390 23212860
1400 23212860
1410 23206446
1420 23206446
1430 23206446
1440 23206446
1450 23206446
1460 23206446
1470 23206446
1480 23206446
1490 23206446
1500 23206446
1510 23206446
1520 23206446
1530 23206446
1540 23206446
1550 23206446
1560 23206446
1570 23206446
1580 23206446
1590 23206446
1600 23206446
1610 23088284
1620 23088284
1630 23088284
1640 23088284
1650 23088284
1660 23088284
1670 23088284
1680 23088284
1690 23088284
1700 23088284
1710 23088284
1720 23088284
1730 23088284
1740 23088284
1750 23088284
1760 23088284
1770 23088284
1780 23088284
1790 23088284
1800 23088284
1810 23088284
1820 23088284
1830 23088284
1840 23088284
1850 23088284
1860 23088284
1870 23088284
1880 23088284
1890 23088284
1900 23088284
1910 23088284
1920 23088284
1930 23088284
1940 23088284
1950 23088284
1960 23088284
1970 23088284
1980 23088284
1990 23088284
2000 23088284
2010 23080624
2020 23080624
2030 23080624
2040 23080624
2050 23080624
2060 23080624
2070 23080624
2080 23080624
2090 23080624
2100 23080624
2110 23080624
2120 23080624
2130 23080624
2140 23080624
2150 23080624
2160 23080624
2170 23080624
2180 23080624
2190 23080624
2200 23079018
2210 23079018
2220 23079018
2230 23079018
2240 23079018
2250 23079018
2260 23075292
2270 23075292
2280 23075292
2290 23075292
2300 23075292
2310 23066382
2320 23066382
2330 23066382
2340 23066382
2350 23066382
2360 23066382
2370 23066382
2380 23057830
2390 23051334
2400 23051334
2410 23051334
2420 23051334
2430 23051334
2440 23051334
2450 23051334
2460 23051334
2470 23051334
2480 23051334
2490 23051334
2500 23051334
2510 23051334
2520 23051334
2530 23051334
2540 23051334
2550 23051334
2560 23051334
2570 23051334
2580 23051334
2590 23051334
2600 23051334
2610 23051334
2620 23026114
2630 23010452
2640 23010452
2650 23010452
2660 23010452
2670 23010452
2680 23010452
2690 23010452
2700 23010452
2710 23010452
2720 23010452
2730 23010452
2740 23010452
2750 23010452
2760 23010452
2770 23010452
2780 23010452
2790 23010452
2800 23010452
2810 23010452
2820 23010452
2830 23010452
2840 23010452
2850 23010452
2860 23010452
2870 23010452
2880 23010452
2890 23010452
2900 23010452
2910 23010452
2920 23010452
2930 23010452
2940 23010452
2950 23010452
2960 23010452
2970 23010452
2980 23010452
2990 23010452
3000 23007722
3010 23007722
3020 23007722
3030 23007722
3040 22992242
3050 22992242
3060 22992242
3070 22992242
3080 22992242
3090 22992242
3100 22992242
3110 22992242
3120 22992242
3130 22992242
3140 22992242
3150 22992242
3160 22992242
3170 22992242
3180 22992242
3190 22992242
3200 22992242
3210 22992242
3220 22960950
3230 22960950
3240 22960950
3250 22960950
3260 22960950
3270 22960950
3280 22960950
3290 22960950
3300 22960950
3310 22960950
3320 22960950
3330 22960950
3340 22960950
3350 22960950
3360 22960950
3370 22960950
3380 22960950
3390 22960950
3400 22960950
3410 22960950
3420 22960950
3430 22960950
3440 22960950
3450 22960950
3460 22960950
3470 22960950
3480 22960950
3490 22960950
3500 22960950
3510 22960950
3520 22960950
3530 22960950
3540 22960950
3550 22960950
3560 22960950
3570 22960950
3580 22960950
3590 22960950
3600 22960950
3610 22960950
3620 22960950
3630 22960950
3640 22960950
3650 22960950
3660 22960950
3670 22960950
3680 22960950
3690 22960950
3700 22960950
3710 22960950
3720 22960950
3730 22960950
3740 22960950
3750 22960950
3760 22960950
3770 22960950
3780 22960950
3790 22960950
3800 22960950
3810 22960950
3820 22960950
3830 22960950
3840 22960950
3850 22960950
3860 22960950
3870 22960950
3880 22960950
3890 22960950
3900 22960950
3910 22960950
3920 22960950
3930 22960950
3940 22960950
3950 22960950
3960 22960950
3970 22960950
3980 22960950
3990 22960950
4000 22960950
4010 22960950
4020 22960950
4030 22960950
4040 22960950
4050 22960950
4060 22960950
4070 22960950
4080 22960950
4090 22960950
4100 22960950
4110 22960950
4120 22960950
4130 22960950
4140 22960950
4150 22960950
4160 22960950
4170 22960950
4180 22960950
4190 22960950
4200 22960950
4210 22960950
4220 22960950
4230 22939860
4240 22939860
4250 22939860
4260 22939860
4270 22939860
4280 22939860
4290 22939860
4300 22939860
4310 22939860
4320 22939860
4330 22939860
4340 22939860
4350 22917004
4360 22917004
4370 22917004
4380 22917004
4390 22917004
4400 22917004
4410 22917004
4420 22917004
4430 22917004
4440 22917004
4450 22917004
4460 22917004
4470 22917004
4480 22917004
4490 22917004
4500 22917004
4510 22917004
4520 22917004
4530 22917004
4540 22917004
4550 22917004
4560 22917004
4570 22917004
4580 22917004
4590 22917004
4600 22917004
4610 22917004
4620 22917004
4630 22917004
4640 22917004
4650 22917004
4660 22917004
4670 22917004
4680 22917004
4690 22917004
4700 22917004
4710 22917004
4720 22917004
4730 22917004
4740 22917004
4750 22917004
4760 22917004
4770 22917004
4780 22917004
4790 22917004
4800 22917004
4810 22917004
4820 22917004
4830 22917004
4840 22917004
4850 22917004
4860 22917004
4870 22917004
4880 22917004
4890 22917004
4900 22917004
4910 22917004
4920 22917004
4930 22917004
4940 22917004
4950 22917004
4960 22917004
4970 22917004
4980 22917004
4990 22917004
5000 22917004
5010 22917004
5020 22917004
5030 22917004
5040 22917004
5050 22917004
5060 22917004
5070 22917004
5080 22917004
5090 22917004
5100 22917004
5110 22917004
5120 22917004
5130 22917004
5140 22917004
5150 22917004
5160 22917004
5170 22917004
5180 22917004
5190 22917004
5200 22917004
5210 22917004
5220 22917004
5230 22916868
5240 22916868
5250 22916868
5260 22916868
5270 22916868
5280 22916868
5290 22916868
5300 22916868
5310 22916868
5320 22916868
5330 22916868
5340 22916868
5350 22916868
5360 22916868
5370 22916868
5380 22916868
5390 22916868
5400 22916868
5410 22913246
5420 22913246
5430 22913246
5440 22913246
5450 22913246
5460 22913246
5470 22913246
5480 22913246
5490 22913246
5500 22913246
5510 22913246
5520 22913246
5530 22913246
5540 22913246
5550 22913246
5560 22913246
5570 22913246
5580 22913246
5590 22913246
5600 22904206
5610 22904206
5620 22904206
5630 22904206
5640 22904206
5650 22904206
5660 22904206
5670 22904206
5680 22904206
5690 22904206
5700 22904206
5710 22904206
5720 22904206
5730 22904206
5740 22904206
5750 22904206
5760 22904206
5770 22904206
5780 22904206
5790 22904206
5800 22904206
5810 22904206
5820 22904206
5830 22904206
5840 22904206
5850 22904206
5860 22904206
5870 22904206
5880 22904206
5890 22904206
5900 22904206
5910 22904206
5920 22904206
5930 22904206
5940 22904206
5950 22904206
5960 22904206
5970 22904206
5980 22904206
5990 22904206
6000 22904206
6010 22904206
6020 22904206
6030 22904206
6040 22904206
6050 22904206
6060 22904206
6070 22904206
6080 22904206
6090 22904206
6100 22904206
6110 22904206
6120 22904206
6130 22904206
6140 22904206
6150 22904206
6160 22904206
6170 22904206
6180 22904206
6190 22904206
6200 22904206
6210 22904206
6220 22904206
6230 22904206
6240 22904206
6250 22904206
6260 22904206
6270 22904206
6280 22904206
6290 22904206
6300 22904206
6310 22904206
6320 22904206
6330 22904206
6340 22904206
6350 22904206
6360 22904206
6370 22904206
6380 22904206
6390 22904206
6400 22904206
6410 22904206
6420 22904206
6430 22904206
6440 22904206
6450 22904206
6460 22904206
6470 22904206
6480 22904206
6490 22904206
6500 22904206
6510 22904206
6520 22904206
6530 22904206
6540 22904206
6550 22904206
6560 22904206
6570 22904206
6580 22904206
6590 22904206
6600 22904206
6610 22904206
6620 22904206
6630 22904206
6640 22904206
6650 22904206
6660 22904206
6670 22904206
6680 22904206
6690 22904206
6700 22904206
6710 22904206
6720 22904206
6730 22904206
6740 22904206
6750 22904206
6760 22904206
6770 22904206
6780 22904206
6790 22904206
6800 22904206
6810 22904206
6820 22904206
6830 22904206
6840 22904206
6850 22904206
6860 22904206
6870 22904206
6880 22904206
6890 22904206
6900 22904206
6910 22904206
6920 22904206
6930 22903282
6940 22903282
6950 22903282
6960 22903282
6970 22903282
6980 22903282
6990 22903282
7000 22903282
7010 22903282
7020 22903282
7030 22903282
7040 22890376
7050 22890376
7060 22890376
7070 22890376
7080 22890376
7090 22890376
7100 22890376
7110 22890376
7120 22890376
7130 22863250
7140 22863250
7150 22863250
7160 22863250
7170 22863250
7180 22863250
7190 22863250
7200 22863250
7210 22863250
7220 22863250
7230 22863250
7240 22863250
7250 22863250
7260 22863250
7270 22863250
7280 22863250
7290 22863250
7300 22863250
7310 22863250
7320 22863250
7330 22863250
7340 22863250
7350 22863250
7360 22863250
7370 22863250
7380 22863250
7390 22863250
7400 22863250
7410 22863250
7420 22863250
7430 22863250
7440 22863250
7450 22863250
7460 22863250
7470 22863250
7480 22863250
7490 22863250
7500 22863250
7510 22863250
7520 22863250
7530 22863250
7540 22863250
7550 22863250
7560 22863250
7570 22863250
7580 22863250
7590 22863250
7600 22863250
7610 22863250
7620 22863250
7630 22863250
7640 22863250
7650 22863250
7660 22863250
7670 22863250
7680 22863250
7690 22863250
7700 22863250
7710 22863250
7720 22863250
7730 22863250
7740 22863250
7750 22863250
7760 22863250
7770 22863250
7780 22863250
7790 22863250
7800 22863250
7810 22863250
7820 22863250
7830 22863250
7840 22863250
7850 22863250
7860 22863250
7870 22863250
7880 22863250
7890 22863250
7900 22863250
7910 22863250
7920 22863250
7930 22863250
7940 22863250
7950 22863250
7960 22863250
7970 22863250
7980 22863250
7990 22863250
8000 22863250
8010 22863250
8020 22863250
8030 22863250
8040 22849260
8050 22849260
8060 22849260
8070 22849260
8080 22849260
8090 22849260
8100 22849260
8110 22849260
8120 22849260
8130 22849260
8140 22849260
8150 22849260
8160 22849260
8170 22849260
8180 22849260
8190 22849260
8200 22849260
8210 22849260
8220 22849260
8230 22849260
8240 22849260
8250 22849260
8260 22849260
8270 22849260
8280 22849260
8290 22849260
8300 22849260
8310 22849260
8320 22849260
8330 22849260
8340 22849260
8350 22849260
8360 22849260
8370 22849260
8380 22849260
8390 22849260
8400 22849260
8410 22849260
8420 22849260
8430 22849260
8440 22846546
8450 22846546
8460 22846546
8470 22846546
8480 22846546
8490 22846546
8500 22846546
8510 22846546
8520 22846546
8530 22846546
8540 22846546
8550 22846546
8560 22846546
8570 22846546
8580 22846546
8590 22846546
8600 22846546
8610 22846546
8620 22846546
8630 22846546
8640 22846546
8650 22846546
8660 22846546
8670 22846546
8680 22846546
8690 22846546
8700 22846546
8710 22846546
8720 22846546
8730 22846546
8740 22846546
8750 22846546
8760 22846546
8770 22846546
8780 22846546
8790 22846546
8800 22846546
8810 22846546
8820 22846546
8830 22846546
8840 22846546
8850 22846546
8860 22846546
8870 22846546
8880 22846546
8890 22846546
8900 22846546
8910 22846546
8920 22846546
8930 22846546
8940 22846546
8950 22846546
8960 22846546
8970 22846546
8980 22846546
8990 22846546
9000 22846546
9010 22846546
9020 22846546
9030 22846546
9040 22846546
9050 22846546
9060 22846546
9070 22846546
9080 22846546
9090 22846546
9100 22846546
9110 22846546
9120 22846546
9130 22846546
9140 22846546
9150 22846546
9160 22846546
9170 22846546
9180 22846546
9190 22846546
9200 22846546
9210 22846546
9220 22846546
9230 22846546
9240 22846546
9250 22846546
9260 22846546
9270 22846546
9280 22846546
9290 22846546
9300 22846546
9310 22846546
9320 22846546
9330 22846546
9340 22846546
9350 22846546
9360 22846546
9370 22846546
9380 22846546
9390 22846546
9400 22846546
9410 22846546
9420 22846546
9430 22846546
9440 22846546
9450 22846546
9460 22846546
9470 22846546
9480 22846546
9490 22846546
9500 22846546
9510 22846546
9520 22846546
9530 22846546
9540 22846546
9550 22846546
9560 22846546
9570 22846546
9580 22846546
9590 22846546
9600 22846546
9610 22846546
9620 22846546
9630 22846546
9640 22846546
9650 22846546
9660 22846546
9670 22846546
9680 22846546
9690 22846546
9700 22846546
9710 22846546
9720 22846546
9730 22846546
9740 22846546
9750 22846546
9760 22846546
9770 22846546
9780 22846546
9790 22846546
9800 22846546
9810 22846546
9820 22846546
9830 22846546
9840 22846546
9850 22846546
9860 22846546
9870 22846546
9880 22846546
9890 22846546
9900 22846546
9910 22846546
9920 22846546
9930 22846546
9940 22846546
9950 22846546
9960 22846546
9970 22846546
9980 22846546
9990 22846546
10000 22846546
10010 22846546
10020 22846546
10030 22846546
10040 22846546
10050 22846546
10060 22846546
10070 22846546
10080 22846546
10090 22846546
10100 22846546
10110 22846546
10120 22846546
10130 22846546
10140 22846546
10150 22846546
10160 22846546
10170 22846546
10180 22846546
10190 22846546
10200 22846546
10210 22846546
10220 22846546
10230 22846546
10240 22846546
10250 22846546
10260 22846546
10270 22846546
10280 22846546
10290 22846546
10300 22846546
10310 22846546
10320 22846546
10330 22846546
10340 22846546
10350 22846546
10360 22846546
10370 22846546
10380 22846546
10390 22846546
10400 22846546
10410 22846546
10420 22846546
10430 22846546
10440 22846546
10450 22846546
10460 22846546
10470 22846546
10480 22809448
10490 22809448
10500 22809448
10510 22809448
10520 22809448
10530 22809448
10540 22809448
10550 22809448
10560 22809448
10570 22809448
10580 22809448
10590 22809448
10600 22809448
10610 22809448
10620 22809448
10630 22809448
10640 22809448
10650 22809448
10660 22809448
10670 22809448
10680 22809448
10690 22809448
10700 22809448
10710 22809448
10720 22809448
10730 22809448
10740 22809448
10750 22809448
10760 22809448
10770 22809448
10780 22809448
10790 22809448
10800 22809448
10810 22809448
10820 22809448
10830 22809448
10840 22809448
10850 22809448
10860 22809448
10870 22809448
10880 22809448
10890 22809448
10900 22809448
10910 22809448
10920 22809448
10930 22809448
10940 22809448
10950 22809448
10960 22809448
10970 22809448
10980 22809448
10990 22809448
11000 22809448
11010 22809448
11020 22809448
11030 22809448
11040 22809448
11050 22809448
11060 22809448
11070 22809448
11080 22809448
11090 22809448
11100 22809448
11110 22809448
11120 22809448
11130 22809448
11140 22809448
11150 22809448
11160 22809448
11170 22809448
11180 22809448
11190 22809448
11200 22809448
11210 22809448
11220 22809448
11230 22809448
11240 22809448
11250 22809448
11260 22809448
11270 22805450
11280 22805450
11290 22805450
11300 22805450
11310 22805450
11320 22805450
11330 22805450
11340 22805450
11350 22805450
11360 22805450
11370 22805450
11380 22805450
11390 22805450
11400 22805450
11410 22805450
11420 22805450
11430 22805450
11440 22805450
11450 22805450
11460 22805450
11470 22805450
11480 22800792
11490 22800792
11500 22800792
11510 22800792
11520 22800792
11530 22800792
11540 22800792
11550 22800792
11560 22800792
11570 22800792
11580 22800792
11590 22800792
11600 22800792
11610 22800792
11620 22800792
11630 22800792
11640 22800792
11650 22800792
11660 22800792
11670 22800792
11680 22800792
11690 22800792
11700 22800792
11710 22800792
11720 22800792
11730 22800792
11740 22800792
11750 22800792
11760 22800792
11770 22800792
11780 22767338
11790 22767338
11800 22767338
11810 22767338
11820 22767338
11830 22767338
11840 22767338
11850 22767338
11860 22767338
11870 22767338
11880 22767338
11890 22767338
11900 22767338
11910 22760814
11920 22760814
11930 22760814
11940 22760814
11950 22760814
11960 22760814
11970 22760814
11980 22760814
11990 22760814
12000 22760814
12010 22760814
12020 22760814
12030 22760814
12040 22760814
12050 22760814
12060 22760814
12070 22760814
12080 22760814
12090 22760814
12100 22760814
12110 22760814
12120 22760814
12130 22760814
12140 22760814
12150 22760814
12160 22760814
12170 22760814
12180 22760814
12190 22760814
12200 22760814
12210 22760814
12220 22760814
12230 22760814
12240 22760814
12250 22760814
12260 22760814
12270 22760814
12280 22760814
12290 22760814
12300 22760814
12310 22760814
12320 22760814
12330 22760814
12340 22760814
12350 22760814
12360 22760814
12370 22760814
12380 22760814
12390 22760814
12400 22760814
12410 22760814
12420 22760814
12430 22760814
12440 22760814
12450 22760814
12460 22760814
12470 22760814
12480 22760814
12490 22760814
12500 22760814
12510 22760814
12520 22760814
12530 22760814
12540 22760814
12550 22760814
12560 22760814
12570 22760814
12580 22760814
12590 22760814
12600 22760814
12610 22760814
12620 22753000
12630 22753000
12640 22753000
12650 22753000
12660 22753000
12670 22753000
12680 22753000
12690 22753000
12700 22753000
12710 22753000
12720 22753000
12730 22753000
12740 22753000
12750 22753000
12760 22753000
12770 22753000
12780 22753000
12790 22753000
12800 22753000
12810 22753000
12820 22753000
12830 22753000
12840 22753000
12850 22753000
12860 22753000
12870 22753000
12880 22753000
12890 22753000
12900 22753000
12910 22753000
12920 22753000
12930 22753000
12940 22753000
12950 22737252
12960 22737252
12970 22737252
12980 22737252
12990 22737252
13000 22737252
13010 22737252
13020 22737252
13030 22737252
13040 22737252
13050 22737252
13060 22737252
13070 22737252
13080 22737252
13090 22737252
13100 22737252
13110 22737252
13120 22737252
13130 22737252
13140 22737252
13150 22737252
13160 22737252
13170 22737252
13180 22737252
13190 22737252
13200 22737252
13210 22737252
13220 22737252
13230 22737252
13240 22737252
13250 22737252
13260 22737252
13270 22737252
13280 22737252
13290 22737252
13300 22737252
13310 22737252
13320 22737252
13330 22737252
13340 22737252
13350 22737252
13360 22737252
13370 22737252
13380 22737252
13390 22737252
13400 22737252
13410 22737252
13420 22737252
13430 22737252
13440 22737252
13450 22695684
13460 22695684
13470 22695684
13480 22695684
13490 22695684
13500 22695684
13510 22695684
13520 22695684
13530 22695684
13540 22695684
13550 22695684
13560 22695684
13570 22695684
13580 22695684
13590 22695684
13600 22695684
13610 22695684
13620 22695684
13630 22695684
13640 22695684
13650 22695684
13660 22695684
13670 22695684
13680 22695684
13690 22695684
13700 22695684
13710 22695684
13720 22695684
13730 22695684
13740 22695684
13750 22695684
13760 22695684
13770 22695684
13780 22695684
13790 22695684
13800 22695684
13810 22695684
13820 22695684
13830 22695684
13840 22695684
13850 22695684
13860 22695684
13870 22695684
13880 22695684
13890 22695684
13900 22695684
13910 22695684
13920 22695684
13930 22695684
13940 22695684
13950 22695684
13960 22695684
13970 22695684
13980 22695684
13990 22695684
14000 22695684
14010 22695684
14020 22695684
14030 22695684
14040 22695684
14050 22695684
14060 22695684
14070 22695684
14080 22695684
14090 22695684
14100 22695684
14110 22695684
14120 22695684
14130 22695684
14140 22695684
14150 22695684
14160 22695684
14170 22695684
14180 22695684
14190 22695684
14200 22695684
14210 22695684
14220 22695684
14230 22695684
14240 22695684
14250 22695684
14260 22695684
14270 22695684
14280 22695684
14290 22695684
14300 22695684
14310 22695684
14320 22695684
14330 22695684
14340 22695684
14350 22695684
14360 22695684
14370 22695684
14380 22695684
14390 22695684
14400 22695684
14410 22695684
14420 22695684
14430 22695684
14440 22695684
14450 22695684
14460 22695684
14470 22695684
14480 22695684
14490 22695684
14500 22695684
14510 22695684
14520 22695684
14530 22695684
14540 22695684
14550 22695684
14560 22695684
14570 22695684
14580 22695684
14590 22695684
14600 22695684
14610 22695684
14620 22695684
14630 22695684
14640 22695684
14650 22695684
14660 22695684
14670 22695684
14680 22695684
14690 22695684
14700 22695684
14710 22695684
14720 22695684
14730 22695684
14740 22695684
14750 22695684
14760 22695684
14770 22695684
14780 22695684
14790 22695684
14800 22695684
14810 22695684
14820 22695684
14830 22695684
14840 22695684
14850 22695684
14860 22695684
14870 22695684
14880 22695684
14890 22695684
14900 22695684
14910 22695684
14920 22695684
14930 22695684
14940 22695684
14950 22695684
14960 22695684
14970 22695684
14980 22695684
14990 22695684
15000 22695684
15010 22695684
15020 22695684
15030 22695684
15040 22695684
15050 22695684
15060 22695684
15070 22695684
15080 22695684
15090 22695684
15100 22695684
15110 22695684
15120 22695684
15130 22695684
15140 22695684
15150 22695684
15160 22695684
15170 22695684
15180 22695684
15190 22695684
15200 22695684
15210 22695684
15220 22695684
15230 22695684
15240 22695684
15250 22695684
15260 22695684
15270 22695684
15280 22695684
15290 22695684
15300 22695684
15310 22695684
15320 22695684
15330 22695684
15340 22695684
15350 22695684
15360 22695684
15370 22695684
15380 22695684
15390 22695684
15400 22695684
15410 22695684
15420 22695684
15430 22695684
15440 22695684
15450 22695684
15460 22695684
15470 22695684
15480 22695684
15490 22695684
15500 22695684
15510 22695684
15520 22695684
15530 22695684
15540 22695684
15550 22642248
15560 22642248
15570 22642248
15580 22642248
15590 22642248
15600 22642248
15610 22642248
15620 22642248
15630 22642248
15640 22642248
15650 22642248
15660 22642248
15670 22642248
15680 22642248
15690 22642248
15700 22642248
15710 22642248
15720 22642248
15730 22642248
15740 22642248
15750 22642248
15760 22642248
15770 22642248
15780 22642248
15790 22642248
15800 22642248
15810 22642248
15820 22642248
15830 22642248
15840 22642248
15850 22642248
15860 22642248
15870 22642248
15880 22642248
15890 22642248
15900 22642248
15910 22642248
15920 22642248
15930 22642248
15940 22642248
15950 22642248
15960 22642248
15970 22642248
15980 22642248
15990 22642248
16000 22642248
16010 22642248
16020 22642248
16030 22642248
16040 22642248
16050 22642248
16060 22642248
16070 22642248
16080 22642248
16090 22642248
16100 22642248
16110 22642248
16120 22642248
16130 22642248
16140 22642248
16150 22642248
16160 22642248
16170 22642248
16180 22642248
16190 22642248
16200 22642248
16210 22642248
16220 22642248
16230 22642248
16240 22642248
16250 22642248
16260 22642248
16270 22642248
16280 22642248
16290 22642248
16300 22642248
16310 22642248
16320 22642248
16330 22642248
16340 22642248
16350 22642248
16360 22642248
16370 22642248
16380 22642248
16390 22642248
16400 22642248
16410 22642248
16420 22642248
16430 22642248
16440 22642248
16450 22642248
16460 22642248
16470 22642248
16480 22642248
16490 22642248
16500 22642248
16510 22642248
16520 22642248
16530 22642248
16540 22592786
16550 22592786
16560 22592786
16570 22592786
16580 22592786
16590 22592786
16600 22592786
16610 22592786
16620 22592786
16630 22592786
16640 22592786
16650 22592786
16660 22592786
16670 22592786
16680 22592786
16690 22592786
16700 22592786
16710 22592786
16720 22592786
16730 22592786
16740 22592786
16750 22592786
16760 22592786
16770 22592786
16780 22592786
16790 22592786
16800 22592786
16810 22592786
16820 22592786
16830 22592786
16840 22592786
16850 22592786
16860 22592786
16870 22592786
16880 22592786
16890 22592786
16900 22592786
16910 22592786
16920 22592786
16930 22592786
16940 22592786
16950 22592786
16960 22592786
16970 22592786
16980 22592786
16990 22592786
17000 22592786
17010 22592786
17020 22592786
17030 22592786
17040 22592786
17050 22592786
17060 22592786
17070 22592786
17080 22592786
17090 22592786
17100 22592786
17110 22592786
17120 22592786
17130 22592786
17140 22592786
17150 22592786
17160 22592786
17170 22592786
17180 22592786
17190 22592786
17200 22592786
17210 22592786
17220 22592786
17230 22592786
17240 22592786
17250 22592786
17260 22592786
17270 22592786
17280 22592786
17290 22592786
17300 22592786
17310 22592786
17320 22592786
17330 22592786
17340 22592786
17350 22592786
17360 22592786
17370 22592786
17380 22592786
17390 22592786
17400 22592786
17410 22592786
17420 22592786
17430 22592786
17440 22592786
17450 22592786
17460 22592786
17470 22592786
17480 22592786
17490 22592786
17500 22592786
17510 22592786
17520 22592786
17530 22592786
17540 22592786
17550 22592786
17560 22592786
17570 22592786
17580 22592786
17590 22592786
17600 22592786
17610 22592786
17620 22592786
17630 22592786
17640 22592786
17650 22592786
17660 22592786
17670 22592786
17680 22592786
17690 22592786
17700 22592786
17710 22592786
17720 22592786
17730 22592786
17740 22592786
17750 22592786
17760 22592786
17770 22592786
17780 22592786
17790 22592786
17800 22592786
17810 22592786
17820 22592786
17830 22592786
17840 22592786
17850 22592786
17860 22592786
17870 22592786
17880 22592786
17890 22592786
17900 22592786
17910 22592786
17920 22592786
17930 22592786
17940 22592786
17950 22576056
17960 22576056
17970 22576056
17980 22576056
17990 22576056
18000 22576056
18010 22576056
18020 22576056
18030 22576056
18040 22576056
18050 22576056
18060 22576056
18070 22576056
18080 22576056
18090 22576056
18100 22576056
18110 22576056
18120 22576056
18130 22576056
18140 22576056
18150 22576056
18160 22576056
18170 22576056
18180 22576056
18190 22576056
18200 22576056
18210 22576056
18220 22576056
18230 22576056
18240 22576056
18250 22576056
18260 22576056
18270 22576056
18280 22576056
18290 22576056
18300 22576056
18310 22576056
18320 22576056
18330 22576056
18340 22576056
18350 22576056
18360 22576056
18370 22576056
18380 22576056
18390 22576056
18400 22576056
18410 22576056
18420 22573854
18430 22573854
18440 22573854
18450 22573854
18460 22573854
18470 22573854
18480 22573854
18490 22573854
18500 22573854
18510 22573854
18520 22573854
18530 22573854
18540 22573854
18550 22573854
18560 22573854
18570 22573854
18580 22573854
18590 22573854
18600 22573854
18610 22573854
18620 22573854
18630 22573854
18640 22573854
18650 22573854
18660 22573854
18670 22573854
18680 22573854
18690 22573854
18700 22573854
18710 22573854
18720 22573854
18730 22573854
18740 22573854
18750 22573854
18760 22573854
18770 22573854
18780 22573854
18790 22573854
18800 22573854
18810 22573854
18820 22573854
18830 22573854
18840 22573854
18850 22573854
18860 22573854
18870 22573854
18880 22573854
18890 22573854
18900 22573854
18910 22573854
18920 22573854
18930 22573854
18940 22573854
18950 22573854
18960 22573854
18970 22573854
18980 22573854
18990 22573854
19000 22573854
19010 22573854
19020 22573854
19030 22573854
19040 22573854
19050 22573854
19060 22573854
19070 22573854
19080 22573854
19090 22573854
19100 22573854
19110 22573854
19120 22568962
19130 22568962
19140 22568962
19150 22568962
19160 22568962
19170 22568962
19180 22568962
19190 22568962
19200 22568962
19210 22568962
19220 22568962
19230 22568962
19240 22568962
19250 22568962
19260 22568962
19270 22568962
19280 22568962
19290 22568962
19300 22568962
19310 22568962
19320 22568962
19330 22568962
19340 22568962
19350 22568962
19360 22568962
19370 22568962
19380 22568962
19390 22568962
19400 22568962
19410 22568962
19420 22568962
19430 22568962
19440 22568962
19450 22568962
19460 22568962
19470 22568962
19480 22568962
19490 22568962
19500 22568962
19510 22568962
19520 22568962
19530 22568962
19540 22568962
19550 22568962
19560 22568962
19570 22568962
19580 22568962
19590 22568962
19600 22568962
19610 22568962
19620 22568962
19630 22568962
19640 22568962
19650 22568962
19660 22568962
19670 22568962
19680 22568962
19690 22568962
19700 22568962
19710 22568962
19720 22568962
19730 22568962
19740 22568962
19750 22568962
19760 22568962
19770 22568962
19780 22568962
19790 22568962
19800 22568962
19810 22568962
19820 22568962
19830 22568962
19840 22568962
19850 22568962
19860 22568962
19870 22568962
19880 22568962
19890 22568962
19900 22568962
19910 22568962
19920 22568962
19930 22568962
19940 22568962
19950 22568962
19960 22568962
19970 22568962
19980 22568962
19990 22568962
20000 22568962
20010 22568962
20020 22568962
20030 22568962
20040 22568962
20050 22568962
20060 22568962
20070 22568962
20080 22568962
20090 22568962
20100 22568962
20110 22568962
20120 22568962
20130 22568962
20140 22568962
20150 22568962
20160 22568962
20170 22568962
20180 22568962
20190 22568962
20200 22568962
20210 22568962
20220 22568962
20230 22568962
20240 22568962
20250 22568962
20260 22568962
20270 22568962
20280 22568962
20290 22568962
20300 22568962
20310 22568962
20320 22568962
20330 22568962
20340 22568962
20350 22568962
20360 22568962
20370 22568962
20380 22568962
20390 22568962
20400 22568962
20410 22568962
20420 22568962
20430 22568962
20440 22568962
20450 22568962
20460 22568962
20470 22568962
20480 22568962
20490 22568962
20500 22568962
20510 22568962
20520 22568962
20530 22568962
20540 22568962
20550 22568962
20560 22568962
20570 22568962
20580 22568962
20590 22568962
20600 22568962
20610 22568962
20620 22568962
20630 22568962
20640 22568962
20650 22568962
20660 22568962
20670 22568962
20680 22568962
20690 22568962
20700 22568962
20710 22568962
20720 22568962
20730 22568962
20740 22568962
20750 22568962
20760 22568962
20770 22568962
20780 22568962
20790 22568962
20800 22568962
20810 22568962
20820 22568962
20830 22568962
20840 22568962
20850 22568962
20860 22568962
20870 22568962
20880 22568962
20890 22568962
20900 22568962
20910 22568962
20920 22568962
20930 22568962
20940 22568962
20950 22568962
20960 22568962
20970 22568962
20980 22568962
20990 22568962
21000 22568962
21010 22568962
21020 22568962
21030 22568962
21040 22568962
21050 22568962
21060 22568962
21070 22568962
21080 22568962
21090 22568962
21100 22568962
21110 22568962
21120 22568962
21130 22568962
21140 22568962
21150 22568962
21160 22568962
21170 22568962
21180 22568962
21190 22568962
21200 22568962
21210 22568962
21220 22568962
21230 22568962
21240 22568962
21250 22568962
21260 22568962
21270 22568962
21280 22568962
21290 22568962
21300 22568962
21310 22568962
21320 22568962
21330 22568962
21340 22568962
21350 22568962
21360 22568962
21370 22568962
21380 22568962
21390 22568962
21400 22568962
21410 22568962
21420 22568962
21430 22568962
21440 22568962
21450 22568962
21460 22568962
21470 22568962
21480 22568962
21490 22568962
21500 22568962
21510 22568962
21520 22568962
21530 22568962
21540 22568962
21550 22568962
21560 22568962
21570 22568962
21580 22568962
21590 22568962
21600 22568962
21610 22568962
21620 22568962
21630 22568962
21640 22568962
21650 22568962
21660 22568962
21670 22568962
21680 22568962
21690 22568962
21700 22568962
21710 22568962
21720 22568962
21730 22568962
21740 22568962
21750 22568962
21760 22568962
21770 22568962
21780 22568962
21790 22568962
21800 22568962
21810 22568962
21820 22568962
21830 22568962
21840 22568962
21850 22568962
21860 22568962
21870 22568962
21880 22568962
21890 22568962
21900 22568962
21910 22568962
21920 22568962
21930 22568962
21940 22568962
21950 22568962
21960 22568962
21970 22568962
21980 22568962
21990 22568962
22000 22568962
22010 22568962
22020 22568962
22030 22568962
22040 22568962
22050 22568962
22060 22568962
22070 22568962
22080 22568962
22090 22568962
22100 22568962
22110 22568962
22120 22568962
22130 22568962
22140 22568962
22150 22568962
22160 22568962
22170 22568962
22180 22568962
22190 22568962
22200 22568962
22210 22568962
22220 22568962
22230 22568962
22240 22568962
22250 22568962
22260 22568962
22270 22568962
22280 22568962
22290 22568962
22300 22568962
22310 22568962
22320 22568962
22330 22568962
22340 22568962
22350 22568962
22360 22568962
22370 22568962
22380 22568962
22390 22568962
22400 22568962
22410 22568962
22420 22568962
22430 22568962
22440 22568962
22450 22568962
22460 22568962
22470 22568962
22480 22568962
22490 22568962
22500 22568962
22510 22568962
22520 22568962
22530 22568962
22540 22568962
22550 22568962
22560 22568962
22570 22568962
22580 22568962
22590 22568962
22600 22568962
22610 22568962
22620 22568962
22630 22568962
22640 22568962
22650 22568962
22660 22568962
22670 22568962
22680 22568962
22690 22568962
22700 22568962
22710 22568962
22720 22568962
22730 22568962
22740 22568962
22750 22568962
22760 22568962
22770 22568962
22780 22568962
22790 22568962
22800 22568962
22810 22568962
22820 22568962
22830 22568962
22840 22568962
22850 22568962
22860 22568962
22870 22568962
22880 22568962
22890 22568962
22900 22568962
22910 22568962
22920 22568962
22930 22568962
22940 22568962
22950 22568962
22960 22568962
22970 22568962
22980 22568962
22990 22568962
23000 22568962
23010 22568962
23020 22568962
23030 22568962
23040 22568962
23050 22568962
23060 22568962
23070 22568962
23080 22568962
23090 22568962
23100 22568962
23110 22568962
23120 22568962
23130 22568962
23140 22568962
23150 22568962
23160 22568962
23170 22568962
23180 22568962
23190 22568962
23200 22568962
23210 22568962
23220 22568962
23230 22568962
23240 22568962
23250 22568962
23260 22568962
23270 22568962
23280 22568962
23290 22568962
23300 22568962
23310 22568962
23320 22568962
23330 22568962
23340 22558732
23350 22558732
23360 22558732
23370 22558732
23380 22558732
23390 22558732
23400 22558732
23410 22558732
23420 22558732
23430 22558732
23440 22558732
23450 22558732
23460 22558732
23470 22558732
23480 22558732
23490 22558732
23500 22558732
23510 22558732
23520 22558732
23530 22558732
23540 22558732
23550 22558732
23560 22558732
23570 22558732
23580 22558732
23590 22558732
23600 22558732
23610 22558732
23620 22558732
23630 22558732
23640 22558732
23650 22558732
23660 22558732
23670 22558732
23680 22558732
23690 22558732
23700 22558732
23710 22558732
23720 22558732
23730 22558732
23740 22545750
23750 22545750
23760 22545750
23770 22545750
23780 22545750
23790 22545750
23800 22545750
23810 22545750
23820 22545750
23830 22545750
23840 22545750
23850 22545750
23860 22545750
23870 22545750
23880 22545750
23890 22545750
23900 22545750
23910 22545750
23920 22545366
23930 22545366
23940 22545366
23950 22545366
23960 22545366
23970 22545366
23980 22545366
23990 22545366
24000 22545366
24010 22545366
24020 22545366
24030 22545366
24040 22545366
24050 22545366
24060 22545366
24070 22545366
24080 22545366
24090 22545366
24100 22545366
24110 22545366
24120 22545366
24130 22545366
24140 22545366
24150 22545366
24160 22545366
24170 22545366
24180 22545366
24190 22545366
24200 22545366
24210 22545366
24220 22545366
24230 22545366
24240 22545366
24250 22545366
24260 22545366
24270 22545366
24280 22545366
24290 22545366
24300 22545366
24310 22545366
24320 22545366
24330 22545366
24340 22545366
24350 22545366
24360 22545366
24370 22545366
24380 22545366
24390 22545366
24400 22545366
24410 22526876
24420 22526876
24430 22526876
24440 22526876
24450 22526876
24460 22526876
24470 22526876
24480 22526876
24490 22526876
24500 22526876
24510 22526876
24520 22526876
24530 22526876
24540 22526876
24550 22526876
24560 22526876
24570 22526876
24580 22526876
24590 22526876
24600 22526876
24610 22526876
24620 22526876
24630 22526876
24640 22526876
24650 22526876
24660 22526876
24670 22526876
24680 22526876
24690 22526876
24700 22526876
24710 22526876
24720 22526876
24730 22526876
24740 22526876
24750 22526876
24760 22526876
24770 22523706
24780 22523706
24790 22523706
24800 22523706
24810 22523706
24820 22523706
24830 22523706
24840 22523706
24850 22523706
24860 22523706
24870 22523706
24880 22523706
24890 22523706
24900 22523706
24910 22523706
24920 22523706
24930 22523706
24940 22523706
24950 22523706
24960 22523706
24970 22523706
24980 22523706
24990 22523706
