0 51140576
10 51140576
20 50586262
30 50586262
40 50586262
50 50586262
60 50586262
70 50586262
80 50586262
90 50586262
100 50586262
110 50586262
120 50586262
130 50586262
140 50586262
150 50586262
160 50586262
170 50586262
180 50586262
190 50586262
200 50586262
210 50586262
220 50586262
230 50586262
240 50586262
250 50586262
260 50586262
270 50586262
280 50586262
290 50586262
300 50586262
310 50586262
320 50586262
330 50586262
340 50586262
350 50586262
360 50586262
370 50586262
380 50586262
390 50586262
400 50586262
410 50586262
420 50586262
430 50586262
440 50586262
450 50586262
460 50586262
470 50586262
480 50586262
490 50586262
500 50586262
510 50586262
520 50586262
530 50586262
540 50586262
550 50586262
560 50586262
570 50586262
580 50484698
590 50484698
600 50484698
610 50484698
620 50484698
630 50484698
640 50484698
650 50484698
660 50484698
670 50484698
680 50484698
690 50484698
700 50484698
710 50484698
720 50484698
730 50484698
740 50484698
750 50484698
760 50484698
770 50484698
780 50484698
790 50484698
800 50484698
810 50484698
820 50484698
830 50484698
840 50484698
850 50484698
860 50484698
870 50484698
880 50484698
890 50484698
900 50484698
910 50484698
920 50484698
930 50484698
940 50484698
950 50484698
960 50484698
970 50484698
980 50484698
990 50484698
1000 50484698
1010 50484698
1020 50484698
1030 50484698
1040 50484698
1050 50484698
1060 50484698
1070 50484698
1080 50484698
1090 50412224
1100 50412224
1110 50412224
1120 50412224
1130 50412224
1140 50412224
1150 50412224
1160 50412224
1170 50412224
1180 50412224
1190 50412224
1200 50412224
1210 50412224
1220 50412224
1230 50412224
1240 50412224
1250 50412224
1260 50412224
1270 50412224
1280 50412224
1290 50412224
1300 50412224
1310 50412224
1320 50412224
1330 50412224
1340 50412224
1350 50412224
1360 50412224
1370 50412224
1380 50412224
1390 50412224
1400 50412224
1410 50412224
1420 50412224
1430 50412224
1440 50412224
1450 50412224
1460 50412224
1470 50412224
1480 50412224
1490 50412224
1500 50412224
1510 50412224
1520 50412224
1530 50412224
1540 50412224
1550 50412224
1560 50412224
1570 50412224
1580 50412224
1590 50412224
1600 50412224
1610 50412224
1620 50412224
1630 50412224
1640 50412224
1650 50412224
1660 50412224
1670 50412224
1680 50412224
1690 50412224
1700 50412224
1710 50412224
1720 50412224
1730 50412224
1740 50412224
1750 50412224
1760 50412224
1770 50412224
1780 50412224
1790 50412224
1800 50412224
1810 50412224
1820 50412224
1830 50412224
1840 50412224
1850 50412224
1860 50412224
1870 50412224
1880 50412224
1890 50412224
1900 50412224
1910 50412224
1920 50412224
1930 50412224
1940 50412224
1950 50412224
1960 50412224
1970 50412224
1980 50412224
1990 50412224
2000 50412224
2010 50412224
2020 50412224
2030 50412224
2040 50412224
2050 50412224
2060 50412224
2070 50412224
2080 50412224
2090 50412224
2100 50412224
2110 50412224
2120 50412224
2130 50412224
2140 50412224
2150 50412224
2160 50412224
2170 50412224
2180 50412224
2190 50412224
2200 50412224
2210 50412224
2220 50412224
2230 50412224
2240 50412224
2250 50412224
2260 50412224
2270 50412224
2280 50412224
2290 50412224
2300 50412224
2310 50412224
2320 50412224
2330 50412224
2340 50412224
2350 50412224
2360 50412224
2370 50412224
2380 50412224
2390 50412224
2400 50412224
2410 50412224
2420 50412224
2430 50412224
2440 50412224
2450 50412224
2460 50412224
2470 50412224
2480 50412224
2490 50412224
2500 50412224
2510 50412224
2520 50412224
2530 50412224
2540 50412224
2550 50412224
2560 50412224
2570 50412224
2580 50412224
2590 50412224
2600 50412224
2610 50412224
2620 50412224
2630 50412224
2640 50412224
2650 50412224
2660 50226998
2670 50226998
2680 50226998
2690 50226998
2700 50226998
2710 50226998
2720 50226998
2730 50226998
2740 50226998
2750 50226998
2760 50226998
2770 50226998
2780 50226998
2790 50226998
2800 50226998
2810 50226998
2820 50226998
2830 50226998
2840 50226998
2850 49908596
2860 49908596
2870 49908596
2880 49908596
2890 49908596
2900 49908596
2910 49908596
2920 49908596
2930 49908596
2940 49908596
2950 49908596
2960 49908596
2970 49908596
2980 49908596
2990 49908596
3000 49908596
3010 49908596
3020 49908596
3030 49908596
3040 49908596
3050 49908596
3060 49908596
3070 49908596
3080 49908596
3090 49908596
3100 49908596
3110 49908596
3120 49908596
3130 49908596
3140 49908596
3150 49908596
3160 49908596
3170 49908596
3180 49908596
3190 49908596
3200 49908596
3210 49908596
3220 49908596
3230 49908596
3240 49908596
3250 49908596
3260 49908596
3270 49908596
3280 49908596
3290 49908596
3300 49908596
3310 49908596
3320 49908596
3330 49908596
3340 49908596
3350 49908596
3360 49908596
3370 49908596
3380 49908596
3390 49908596
3400 49908596
3410 49908596
3420 49908596
3430 49908596
3440 49908596
3450 49908596
3460 49908596
3470 49908596
3480 49908596
3490 49908596
3500 49908596
3510 49908596
3520 49908596
3530 49908596
3540 49908596
3550 49908596
3560 49908596
3570 49908596
3580 49908596
3590 49908596
3600 49908596
3610 49908596
3620 49908596
3630 49908596
3640 49908596
3650 49908596
3660 49908596
3670 49908596
3680 49908596
3690 49908596
3700 49908596
3710 49908596
3720 49908596
3730 49908596
3740 49908596
3750 49908596
3760 49908596
3770 49908596
3780 49908596
3790 49908596
3800 49908596
3810 49908596
3820 49908596
3830 49908596
3840 49908596
3850 49908596
3860 49908596
3870 49908596
3880 49908596
3890 49908596
3900 49908596
3910 49908596
3920 49908596
3930 49908596
3940 49908596
3950 49908596
3960 49908596
3970 49908596
3980 49908596
3990 49908596
4000 49908596
4010 49908596
4020 49908596
4030 49908596
4040 49908596
4050 49908596
4060 49908596
4070 49908596
4080 49908596
4090 49908596
4100 49908596
4110 49908596
4120 49908596
4130 49908596
4140 49908596
4150 49908596
4160 49908596
4170 49908596
4180 49908596
4190 49908596
4200 49908596
4210 49908596
4220 49908596
4230 49908596
4240 49908596
4250 49908596
4260 49908596
4270 49908596
4280 49908596
4290 49908596
4300 49908596
4310 49908596
4320 49908596
4330 49908596
4340 49908596
4350 49908596
4360 49908596
4370 49908596
4380 49908596
4390 49908596
4400 49908596
4410 49908596
4420 49908596
4430 49908596
4440 49908596
4450 49908596
4460 49908596
4470 49908596
4480 49908596
4490 49908596
4500 49908596
4510 49908596
4520 49908596
4530 49908596
4540 49908596
4550 49908596
4560 49908596
4570 49908596
4580 49908596
4590 49908596
4600 49908596
4610 49908596
4620 49908596
4630 49908596
4640 49908596
4650 49908596
4660 49755212
4670 49755212
4680 49755212
4690 49755212
4700 49755212
4710 49755212
4720 49755212
4730 49755212
4740 49755212
4750 49755212
4760 49755212
4770 49755212
4780 49755212
4790 49755212
4800 49755212
4810 49755212
4820 49755212
4830 49755212
4840 49755212
4850 49755212
4860 49755212
4870 49755212
4880 49755212
4890 49755212
4900 49755212
4910 49755212
4920 49755212
4930 49755212
4940 49755212
4950 49755212
4960 49755212
4970 49755212
4980 49755212
4990 49755212
5000 49755212
5010 49755212
5020 49755212
5030 49755212
5040 49755212
5050 49755212
5060 49755212
5070 49755212
5080 49755212
5090 49755212
5100 49755212
5110 49755212
5120 49755212
5130 49755212
5140 49755212
5150 49755212
5160 49755212
5170 49755212
5180 49755212
5190 49755212
5200 49755212
5210 49755212
5220 49755212
5230 49755212
5240 49755212
5250 49755212
5260 49755212
5270 49755212
5280 49755212
5290 49755212
5300 49755212
5310 49755212
5320 49755212
5330 49755212
5340 49755212
5350 49755212
5360 49755212
5370 49755212
5380 49755212
5390 49755212
5400 49755212
5410 49755212
5420 49755212
5430 49755212
5440 49755212
5450 49755212
5460 49755212
5470 49755212
5480 49755212
5490 49755212
5500 49755212
5510 49755212
5520 49755212
5530 49755212
5540 49755212
5550 49755212
5560 49755212
5570 49755212
5580 49755212
5590 49755212
5600 49755212
5610 49755212
5620 49755212
5630 49755212
5640 49755212
5650 49755212
5660 49755212
5670 49755212
5680 49755212
5690 49755212
5700 49755212
5710 49755212
5720 49755212
5730 49755212
5740 49755212
5750 49755212
5760 49755212
5770 49755212
5780 49755212
5790 49755212
5800 49755212
5810 49755212
5820 49755212
5830 49755212
5840 49755212
5850 49755212
5860 49755212
5870 49755212
5880 49755212
5890 49755212
5900 49755212
5910 49755212
5920 49755212
5930 49755212
5940 49755212
5950 49755212
5960 49719792
5970 49719792
5980 49719792
5990 49719792
6000 49719792
6010 49719792
6020 49719792
6030 49719792
6040 49719792
6050 49719792
6060 49719792
6070 49719792
6080 49719792
6090 49719792
6100 49719792
6110 49719792
6120 49719792
6130 49719792
6140 49719792
6150 49719792
6160 49719792
6170 49719792
6180 49719792
6190 49719792
6200 49719792
6210 49719792
6220 49719792
6230 49719792
6240 49719792
6250 49719792
6260 49719792
6270 49719792
6280 49719792
6290 49719792
6300 49719792
6310 49719792
6320 49719792
6330 49719792
6340 49719792
6350 49719792
6360 49719792
6370 49719792
6380 49719792
6390 49719792
6400 49719792
6410 49719792
6420 49719792
6430 49719792
6440 49719792
6450 49719792
6460 49719792
6470 49719792
6480 49719792
6490 49719792
6500 49719792
6510 49719792
6520 49719792
6530 49719792
6540 49719792
6550 49719792
6560 49719792
6570 49719792
6580 49719792
6590 49719792
6600 49719792
6610 49719792
6620 49719792
6630 49719792
6640 49719792
6650 49719792
6660 49719792
6670 49719792
6680 49719792
6690 49719792
6700 49719792
6710 49719792
6720 49719792
6730 49719792
6740 49719792
6750 49719792
6760 49719792
6770 49719792
6780 49719792
6790 49719792
6800 49719792
6810 49719792
6820 49719792
6830 49719792
6840 49719792
6850 49719792
6860 49719792
6870 49719792
6880 49719792
6890 49719792
6900 49719792
6910 49719792
6920 49719792
6930 49719792
6940 49719792
6950 49719792
6960 49719792
6970 49719792
6980 49719792
6990 49719792
7000 49719792
7010 49719792
7020 49719792
7030 49719792
7040 49719792
7050 49719792
7060 49719792
7070 49719792
7080 49719792
7090 49719792
7100 49719792
7110 49719792
7120 49719792
7130 49719792
7140 49719792
7150 49719792
7160 49719792
7170 49719792
7180 49719792
7190 49719792
7200 49719792
7210 49719792
7220 49719792
7230 49719792
7240 49719792
7250 49719792
7260 49719792
7270 49719792
7280 49719792
7290 49719792
7300 49719792
7310 49719792
7320 49719792
7330 49719792
7340 49719792
7350 49719792
7360 49719792
7370 49719792
7380 49719792
7390 49719792
7400 49719792
7410 49719792
7420 49719792
7430 49719792
7440 49719792
7450 49719792
7460 49719792
7470 49719792
7480 49719792
7490 49719792
7500 49719792
7510 49719792
7520 49719792
7530 49719792
7540 49719792
7550 49719792
7560 49719792
7570 49719792
7580 49719792
7590 49719792
7600 49719792
7610 49719792
7620 49719792
7630 49719792
7640 49719792
7650 49719792
7660 49719792
7670 49719792
7680 49719792
7690 49719792
7700 49719792
7710 49719792
7720 49719792
7730 49719792
7740 49719792
7750 49719792
7760 49719792
7770 49719792
7780 49719792
7790 49719792
7800 49719792
7810 49719792
7820 49719792
7830 49719792
7840 49719792
7850 49719792
7860 49719792
7870 49719792
7880 49719792
7890 49719792
7900 49719792
7910 49719792
7920 49719792
7930 49719792
7940 49719792
7950 49719792
7960 49719792
7970 49719792
7980 49719792
7990 49719792
8000 49719792
8010 49719792
8020 49719792
8030 49719792
8040 49719792
8050 49719792
8060 49719792
8070 49719792
8080 49719792
8090 49719792
8100 49719792
8110 49719792
8120 49719792
8130 49719792
8140 49719792
8150 49719792
8160 49719792
8170 49719792
8180 49719792
8190 49719792
8200 49719792
8210 49719792
8220 49719792
8230 49719792
8240 49719792
8250 49719792
8260 49719792
8270 49719792
8280 49719792
8290 49719792
8300 49719792
8310 49719792
8320 49719792
8330 49719792
8340 49719792
8350 49719792
8360 49719792
8370 49719792
8380 49719792
8390 49719792
8400 49719792
8410 49719792
8420 49719792
8430 49719792
8440 49719792
8450 49719792
8460 49719792
8470 49719792
8480 49719792
8490 49719792
8500 49719792
8510 49719792
8520 49719792
8530 49719792
8540 49719792
8550 49719792
8560 49719792
8570 49719792
8580 49719792
8590 49719792
8600 49719792
8610 49719792
8620 49719792
8630 49719792
8640 49719792
8650 49719792
8660 49719792
8670 49719792
8680 49719792
8690 49719792
8700 49719792
8710 49719792
8720 49719792
8730 49719792
8740 49719792
8750 49719792
8760 49719792
8770 49719792
8780 49719792
8790 49719792
8800 49719792
8810 49719792
8820 49719792
8830 49719792
8840 49719792
8850 49719792
8860 49459980
8870 49459980
8880 49459980
8890 49459980
8900 49459980
8910 49459980
8920 49459980
8930 49459980
8940 49459980
8950 49459980
8960 49459980
8970 49459980
8980 49459980
8990 49459980
9000 49459980
9010 49459980
9020 49459980
9030 49459980
9040 49459980
9050 49459980
9060 49459980
9070 49459980
9080 49459980
9090 49459980
9100 49459980
9110 49459980
9120 49459980
9130 49459980
9140 49459980
9150 49459980
9160 49459980
9170 49459980
9180 49459980
9190 49459980
9200 49459980
9210 49459980
9220 49459980
9230 49459980
9240 49459980
9250 49459980
9260 49459980
9270 49459980
9280 49459980
9290 49459980
9300 49459980
9310 49459980
9320 49459980
9330 49459980
9340 49459980
9350 49459980
9360 49459980
9370 49459980
9380 49459980
9390 49459980
9400 49459980
9410 49459980
9420 49459980
9430 49459980
9440 49459980
9450 49459980
9460 49459980
9470 49459980
9480 49459980
9490 49459980
9500 49459980
9510 49459980
9520 49459980
9530 49459980
9540 49459980
9550 49459980
9560 49459980
9570 49459980
9580 49459980
9590 49459980
9600 49459980
9610 49459980
9620 49459980
9630 49459980
9640 49459980
9650 49459980
9660 49459980
9670 49459980
9680 49459980
9690 49459980
9700 49459980
9710 49459980
9720 49459980
9730 49459980
9740 49459980
9750 49459980
9760 49459980
9770 49459980
9780 49459980
9790 49459980
9800 49459980
9810 49459980
9820 49459980
9830 49459980
9840 49459980
9850 49459980
9860 49459980
9870 49459980
9880 49459980
9890 49459980
9900 49459980
9910 49459980
9920 49459980
9930 49459980
9940 49459980
9950 49459980
9960 49459980
9970 49459980
9980 49459980
9990 49459980
10000 49459980
10010 49459980
10020 49459980
10030 49459980
10040 49459980
10050 49459980
10060 49459980
10070 49459980
10080 49459980
10090 49459980
10100 49459980
10110 49459980
10120 49459980
10130 49459980
10140 49459980
10150 49459980
10160 49459980
10170 49459980
10180 49459980
10190 49459980
10200 49459980
10210 49459980
10220 49459980
10230 49459980
10240 49459980
10250 49459980
10260 49459980
10270 49459980
10280 49459980
10290 49459980
10300 49459980
10310 49459980
10320 49459980
10330 49459980
10340 49459980
10350 49459980
10360 49459980
10370 49459980
10380 49459980
10390 49459980
10400 49459980
10410 49459980
10420 49459980
10430 49459980
10440 49459980
10450 49459980
10460 49459980
10470 49459980
10480 49459980
10490 49459980
10500 49459980
10510 49459980
10520 49459980
10530 49459980
10540 49459980
10550 49459980
10560 49459980
10570 49459980
10580 49459980
10590 49459980
10600 49459980
10610 49459980
10620 49459980
10630 49459980
10640 49459980
10650 49459980
10660 49459980
10670 49459980
10680 49459980
10690 49459980
10700 49459980
10710 49459980
10720 49459980
10730 49459980
10740 49459980
10750 49459980
10760 49459980
10770 49459980
10780 49459980
10790 49459980
10800 49459980
10810 49459980
10820 49459980
10830 49459980
10840 49459980
10850 49459980
10860 49459980
10870 49459980
10880 49459980
10890 49459980
10900 49459980
10910 49459980
10920 49459980
10930 49459980
10940 49459980
10950 49459980
10960 49459980
10970 49459980
10980 49459980
10990 49459980
11000 49459980
11010 49459980
11020 49459980
11030 49459980
11040 49459980
11050 49459980
11060 49459980
11070 49459980
11080 49459980
11090 49459980
11100 49459980
11110 49459980
11120 49459980
11130 49459980
11140 49459980
11150 49459980
11160 49459980
11170 49459980
11180 49459980
11190 49459980
11200 49459980
11210 49459980
11220 49459980
11230 49459980
11240 49459980
11250 49459980
11260 49459980
11270 49459980
11280 49459980
11290 49459980
11300 49459980
11310 49459980
11320 49459980
11330 49459980
11340 49459980
11350 49459980
11360 49459980
11370 49459980
11380 49459980
11390 49459980
11400 49459980
11410 49459980
11420 49459980
11430 49459980
11440 49459980
11450 49459980
11460 49459980
11470 49459980
11480 49459980
11490 49459980
11500 49459980
11510 49459980
11520 49459980
11530 49459980
11540 49459980
11550 49459980
11560 49459980
11570 49459980
11580 49459980
11590 49459980
11600 49459980
11610 49459980
11620 49459980
11630 49459980
11640 49459980
11650 49459980
11660 49459980
11670 49459980
11680 49459980
11690 49459980
11700 49459980
11710 49459980
11720 49459980
11730 49459980
11740 49459980
11750 49459980
11760 49459980
11770 49459980
11780 49459980
11790 49459980
11800 49459980
11810 49459980
11820 49459980
11830 49459980
11840 49459980
11850 49459980
11860 49459980
11870 49459980
11880 49459980
11890 49459980
11900 49459980
11910 49459980
11920 49459980
11930 49459980
11940 49459980
11950 49459980
11960 49459980
11970 49459980
11980 49459980
11990 49459980
12000 49459980
12010 49459980
12020 49459980
12030 49459980
12040 49459980
12050 49459980
12060 49459980
12070 49459980
12080 49459980
12090 49459980
12100 49459980
12110 49459980
12120 49459980
12130 49459980
12140 49459980
12150 49459980
12160 49459980
12170 49459980
12180 49459980
12190 49459980
12200 49459980
12210 49459980
12220 49459980
12230 49459980
12240 49459980
12250 49459980
12260 49459980
12270 49459980
12280 49459980
12290 49459980
12300 49459980
12310 49459980
12320 49459980
12330 49459980
12340 49459980
12350 49459980
12360 49459980
12370 49459980
12380 49459980
12390 49459980
12400 49459980
12410 49459980
12420 49459980
12430 49459980
12440 49459980
12450 49459980
12460 49459980
12470 49459980
12480 49459980
12490 49459980
12500 49459980
12510 49459980
12520 49459980
12530 49459980
12540 49459980
12550 49459980
12560 49459980
12570 49459980
12580 49459980
12590 49459980
12600 49459980
12610 49459980
12620 49459980
12630 49459980
12640 49459980
12650 49459980
12660 49459980
12670 49459980
12680 49459980
12690 49459980
12700 49459980
12710 49459980
12720 49459980
12730 49459980
12740 49459980
12750 49459980
12760 49459980
12770 49459980
12780 49459980
12790 49459980
12800 49459980
12810 49459980
12820 49459980
12830 49459980
12840 49459980
12850 49459980
12860 49459980
12870 49459980
12880 49459980
12890 49459980
12900 49459980
12910 49459980
12920 49459980
12930 49459980
12940 49459980
12950 49459980
12960 49459980
12970 49459980
12980 49459980
12990 49459980
13000 49459980
13010 49459980
13020 49459980
13030 49459980
13040 49459980
13050 49459980
13060 49459980
13070 49459980
13080 49459980
13090 49459980
13100 49459980
13110 49459980
13120 49459980
13130 49459980
13140 49459980
13150 49459980
13160 49459980
13170 49459980
13180 49459980
13190 49459980
13200 49459980
13210 49459980
13220 49459980
13230 49459980
13240 49459980
13250 49459980
13260 49459980
13270 49459980
13280 49459980
13290 49459980
13300 49459980
13310 49459980
13320 49459980
13330 49459980
13340 49459980
13350 49459980
13360 49459980
13370 49459980
13380 49459980
13390 49459980
13400 49459980
13410 49459980
13420 49459980
13430 49459980
13440 49459980
13450 49459980
13460 49459980
13470 49459980
13480 49459980
13490 49459980
13500 49459980
13510 49459980
13520 49459980
13530 49459980
13540 49459980
13550 49459980
13560 49459980
13570 49459980
13580 49459980
13590 49459980
13600 49459980
13610 49459980
13620 49459980
13630 49459980
13640 49459980
13650 49459980
13660 49459980
13670 49459980
13680 49459980
13690 49459980
13700 49459980
13710 49459980
13720 49459980
13730 49459980
13740 49459980
13750 49459980
13760 49459980
13770 49459980
13780 49459980
13790 49459980
13800 49459980
13810 49459980
13820 49459980
13830 49459980
13840 49459980
13850 49459980
13860 49459980
13870 49459980
13880 49459980
13890 49459980
13900 49459980
13910 49459980
13920 49459980
13930 49459980
13940 49459980
13950 49459980
13960 49459980
13970 49459980
13980 49459980
13990 49459980
14000 49459980
14010 49459980
14020 49459980
14030 49459980
14040 49459980
14050 49459980
14060 49459980
14070 49459980
14080 49459980
14090 49459980
14100 49459980
14110 49459980
14120 49459980
14130 49459980
14140 49459980
14150 49459980
14160 49459980
14170 49459980
14180 49459980
14190 49459980
14200 49459980
14210 49459980
14220 49459980
14230 49459980
14240 49459980
14250 49459980
14260 49459980
14270 49459980
14280 49459980
14290 49459980
14300 49459980
14310 49459980
14320 49459980
14330 49459980
14340 49459980
14350 49459980
14360 49459980
14370 49459980
14380 49459980
14390 49459980
14400 49459980
14410 49459980
14420 49459980
14430 49459980
14440 49459980
14450 49459980
14460 49459980
14470 49459980
14480 49459980
14490 49459980
14500 49459980
14510 49459980
14520 49459980
14530 49459980
14540 49459980
14550 49459980
14560 49459980
14570 49459980
14580 49459980
14590 49459980
14600 49459980
14610 49459980
14620 49459980
14630 49459980
14640 49459980
14650 49459980
14660 49459980
14670 49459980
14680 49459980
14690 49459980
14700 49459980
14710 49459980
14720 49459980
14730 49459980
14740 49459980
14750 49459980
14760 49459980
14770 49459980
14780 49459980
14790 49459980
14800 49459980
14810 49459980
14820 49459980
14830 49459980
14840 49459980
14850 49459980
14860 49459980
14870 49459980
14880 49459980
14890 49459980
14900 49459980
14910 49459980
14920 49459980
14930 49459980
14940 49459980
14950 49459980
14960 49459980
14970 49459980
14980 49459980
14990 49459980
15000 49459980
15010 49459980
15020 49459980
15030 49459980
15040 49459980
15050 49459980
15060 49459980
15070 49459980
15080 49459980
15090 49459980
15100 49459980
15110 49459980
15120 49459980
15130 49459980
15140 49459980
15150 49459980
15160 49459980
15170 49459980
15180 49459980
15190 49459980
15200 49459980
15210 49459980
15220 49459980
15230 49459980
15240 49459980
15250 49459980
15260 49459980
15270 49459980
15280 49459980
15290 49459980
15300 49459980
15310 49459980
15320 49459980
15330 49459980
15340 49459980
15350 49459980
15360 49459980
15370 49459980
15380 49459980
15390 49459980
15400 49459980
15410 49459980
15420 49459980
15430 49459980
15440 49459980
15450 49459980
15460 49459980
15470 49459980
15480 49459980
15490 49459980
15500 49459980
15510 49459980
15520 49459980
15530 49459980
15540 49459980
15550 49459980
15560 49459980
15570 49459980
15580 49459980
15590 49459980
15600 49459980
15610 49459980
15620 49459980
15630 49459980
15640 49459980
15650 49459980
15660 49459980
15670 49459980
15680 49459980
15690 49459980
15700 49459980
15710 49459980
15720 49459980
15730 49459980
15740 49459980
15750 49459980
15760 49459980
15770 49459980
15780 49459980
15790 49459980
15800 49459980
15810 49459980
15820 49459980
15830 49459980
15840 49459980
15850 49459980
15860 49459980
15870 49459980
15880 49459980
15890 49459980
15900 49459980
15910 49459980
15920 49459980
15930 49459980
15940 49459980
15950 49459980
15960 49459980
15970 49459980
15980 49459980
15990 49459980
16000 49459980
16010 49459980
16020 49459980
16030 49459980
16040 49459980
16050 49459980
16060 49459980
16070 49459980
16080 49459980
16090 49459980
16100 49459980
16110 49459980
16120 49459980
16130 49459980
16140 49459980
16150 49459980
16160 49459980
16170 49459980
16180 49459980
16190 49459980
16200 49459980
16210 49459980
16220 49459980
16230 49459980
16240 49459980
16250 49459980
16260 49459980
16270 49459980
16280 49459980
16290 49459980
16300 49459980
16310 49459980
16320 49459980
16330 49459980
16340 49459980
16350 49459980
16360 49459980
16370 49459980
16380 49459980
16390 49459980
16400 49459980
16410 49459980
16420 49459980
16430 49459980
16440 49459980
16450 49459980
16460 49459980
16470 49459980
16480 49459980
16490 49459980
16500 49459980
16510 49459980
16520 49459980
16530 49459980
16540 49459980
16550 49459980
16560 49459980
16570 49459980
16580 49459980
16590 49459980
16600 49459980
16610 49459980
16620 49459980
16630 49459980
16640 49459980
16650 49459980
16660 49459980
16670 49459980
16680 49459980
16690 49459980
16700 49459980
16710 49459980
16720 49459980
16730 49459980
16740 49459980
16750 49459980
16760 49459980
16770 49459980
16780 49459980
16790 49459980
16800 49459980
16810 49459980
16820 49459980
16830 49459980
16840 49459980
16850 49459980
16860 49459980
16870 49459980
16880 49459980
16890 49459980
16900 49459980
16910 49459980
16920 49459980
16930 49459980
16940 49459980
16950 49459980
16960 49459980
16970 49459980
16980 49459980
16990 49459980
17000 49459980
17010 49459980
17020 49459980
17030 49459980
17040 49459980
17050 49459980
17060 49459980
17070 49459980
17080 49459980
17090 49459980
17100 49459980
17110 49459980
17120 49459980
17130 49459980
17140 49459980
17150 49459980
17160 49459980
17170 49459980
17180 49459980
17190 49459980
17200 49459980
17210 49459980
17220 49459980
17230 49459980
17240 49459980
17250 49459980
17260 49459980
17270 49459980
17280 49459980
17290 49459980
17300 49459980
17310 49459980
17320 49459980
17330 49459980
17340 49459980
17350 49459980
17360 49459980
17370 49459980
17380 49459980
17390 49459980
17400 49459980
17410 49459980
17420 49459980
17430 49459980
17440 49459980
17450 49459980
17460 49459980
17470 49459980
17480 49459980
17490 49459980
17500 49459980
17510 49459980
17520 49459980
17530 49459980
17540 49459980
17550 49459980
17560 49459980
17570 49459980
17580 49459980
17590 49459980
17600 49459980
17610 49459980
17620 49459980
17630 49459980
17640 49459980
17650 49459980
17660 49459980
17670 49459980
17680 49459980
17690 49459980
17700 49459980
17710 49459980
17720 49459980
17730 49459980
17740 49459980
17750 49459980
17760 49459980
17770 49459980
17780 49459980
17790 49459980
17800 49459980
17810 49459980
17820 49459980
17830 49459980
17840 49459980
17850 49459980
17860 49459980
17870 49459980
17880 49459980
17890 49459980
17900 49459980
17910 49459980
17920 49459980
17930 49459980
17940 49459980
17950 49459980
17960 49459980
17970 49459980
17980 49459980
17990 49459980
18000 49459980
18010 49459980
18020 49459980
18030 49459980
18040 49459980
18050 49459980
18060 49459980
18070 49459980
18080 49459980
18090 49459980
18100 49459980
18110 49459980
18120 49459980
18130 49459980
18140 49459980
18150 49459980
18160 49459980
18170 49459980
18180 49459980
18190 49459980
18200 49459980
18210 49459980
18220 49459980
18230 49459980
18240 49459980
18250 49459980
18260 49459980
18270 49459980
18280 49459980
18290 49459980
18300 49459980
18310 49459980
18320 49459980
18330 49459980
18340 49459980
18350 49459980
18360 49459980
18370 49459980
18380 49459980
18390 49459980
18400 49459980
18410 49459980
18420 49459980
18430 49459980
18440 49459980
18450 49459980
18460 49459980
18470 49459980
18480 49459980
18490 49459980
18500 49459980
18510 49459980
18520 49459980
18530 49459980
18540 49459980
18550 49459980
18560 49459980
18570 49395630
18580 49395630
18590 49395630
18600 49395630
18610 49395630
18620 49395630
18630 49395630
18640 49395630
18650 49395630
18660 49395630
18670 49395630
18680 49395630
18690 49395630
18700 49395630
18710 49395630
18720 49395630
18730 49395630
18740 49395630
18750 49395630
18760 49395630
18770 49395630
18780 49395630
18790 49395630
18800 49395630
18810 49395630
18820 49395630
18830 49395630
18840 49395630
18850 49395630
18860 49395630
18870 49395630
18880 49395630
18890 49395630
18900 49395630
18910 49395630
18920 49395630
18930 49395630
18940 49395630
18950 49395630
18960 49395630
18970 49395630
18980 49395630
18990 49395630
19000 49395630
19010 49395630
19020 49395630
19030 49395630
19040 49395630
19050 49395630
19060 49395630
19070 49395630
19080 49395630
19090 49395630
19100 49395630
19110 49395630
19120 49395630
19130 49395630
19140 49395630
19150 49395630
19160 49395630
19170 49395630
19180 49395630
19190 49395630
19200 49395630
19210 49395630
19220 49395630
19230 49395630
19240 49395630
19250 49395630
19260 49395630
19270 49395630
19280 49395630
19290 49395630
19300 49395630
19310 49395630
19320 49395630
19330 49395630
19340 49395630
19350 49395630
19360 49395630
19370 49395630
19380 49395630
19390 49395630
19400 49395630
19410 49395630
19420 49395630
19430 49395630
19440 49395630
19450 49395630
19460 49395630
19470 49395630
19480 49395630
19490 49395630
19500 49395630
19510 49395630
19520 49395630
19530 49395630
19540 49395630
19550 49395630
19560 49395630
19570 49395630
19580 49395630
19590 49395630
19600 49395630
19610 49395630
19620 49395630
19630 49395630
19640 49395630
19650 49395630
19660 49395630
19670 49395630
19680 49395630
19690 49395630
19700 49395630
19710 49395630
19720 49395630
19730 49395630
19740 49395630
19750 49395630
19760 49395630
19770 49395630
19780 49395630
19790 49395630
19800 49395630
19810 49395630
19820 49395630
19830 49395630
19840 49395630
19850 49395630
19860 49395630
19870 49395630
19880 49395630
19890 49395630
19900 49395630
19910 49395630
19920 49395630
19930 49395630
19940 49395630
19950 49395630
19960 49395630
19970 49395630
19980 49395630
19990 49395630
20000 49395630
20010 49395630
20020 49395630
20030 49395630
20040 49395630
20050 49395630
20060 49395630
20070 49395630
20080 49395630
20090 49395630
20100 49395630
20110 49395630
20120 49395630
20130 49395630
20140 49395630
20150 49395630
20160 49395630
20170 49395630
20180 49395630
20190 49395630
20200 49395630
20210 49395630
20220 49395630
20230 49395630
20240 49395630
20250 49395630
20260 49395630
20270 49395630
20280 49395630
20290 49395630
20300 49395630
20310 49395630
20320 49395630
20330 49395630
20340 49395630
20350 49395630
20360 49395630
20370 49395630
20380 49395630
20390 49395630
20400 49395630
20410 49395630
20420 49395630
20430 49395630
20440 49395630
20450 49395630
20460 49395630
20470 49395630
20480 49395630
20490 49395630
20500 49395630
20510 49395630
20520 49395630
20530 49395630
20540 49395630
20550 49395630
20560 49395630
20570 49395630
20580 49395630
20590 49395630
20600 49395630
20610 49395630
20620 49395630
20630 49395630
20640 49395630
20650 49395630
20660 49395630
20670 49395630
20680 49395630
20690 49395630
20700 49395630
20710 49395630
20720 49395630
20730 49395630
20740 49395630
20750 49395630
20760 49395630
20770 49395630
20780 49395630
20790 49395630
20800 49395630
20810 49395630
20820 49395630
20830 49395630
20840 49395630
20850 49395630
20860 49395630
20870 49395630
20880 49395630
20890 49395630
20900 49395630
20910 49395630
20920 49395630
20930 49395630
20940 49395630
20950 49395630
20960 49395630
20970 49395630
20980 49395630
20990 49395630
21000 49395630
21010 49395630
21020 49395630
21030 49395630
21040 49395630
21050 49395630
21060 49395630
21070 49395630
21080 49395630
21090 49395630
21100 49395630
21110 49395630
21120 49395630
21130 49395630
21140 49369338
21150 49369338
21160 49369338
21170 49369338
21180 49369338
21190 49369338
21200 49369338
21210 49369338
21220 49369338
21230 49369338
21240 49369338
21250 49369338
21260 49369338
21270 49369338
21280 49369338
21290 49369338
21300 49369338
21310 49369338
21320 49369338
21330 49369338
21340 49369338
21350 49369338
21360 49369338
21370 49369338
21380 49369338
21390 49369338
21400 49369338
21410 49369338
21420 49369338
21430 49369338
21440 49369338
21450 49369338
21460 49369338
21470 49369338
21480 49369338
21490 49369338
21500 49369338
21510 49369338
21520 49369338
21530 49369338
21540 49369338
21550 49369338
21560 49369338
21570 49369338
21580 49369338
21590 49369338
21600 49369338
21610 49369338
21620 49369338
21630 49369338
21640 49369338
21650 49369338
21660 49369338
21670 49369338
21680 49369338
21690 49369338
21700 49369338
21710 49369338
21720 49369338
21730 49369338
21740 49369338
21750 49369338
21760 49369338
21770 49369338
21780 49369338
21790 49369338
21800 49369338
21810 49369338
21820 49369338
21830 49369338
21840 49369338
21850 49369338
21860 49369338
21870 49369338
21880 49369338
21890 49369338
21900 49369338
21910 49369338
21920 49369338
21930 49369338
21940 49369338
21950 49369338
21960 49369338
21970 49369338
21980 49369338
21990 49369338
22000 49369338
22010 49369338
22020 49369338
22030 49369338
22040 49369338
22050 49369338
22060 49369338
22070 49369338
22080 49369338
22090 49369338
22100 49369338
22110 49369338
22120 49369338
22130 49369338
22140 49369338
22150 49369338
22160 49369338
22170 49369338
22180 49369338
22190 49369338
22200 49369338
22210 49369338
22220 49369338
22230 49369338
22240 49369338
22250 49369338
22260 49369338
22270 49369338
22280 49369338
22290 49369338
22300 49369338
22310 49369338
22320 49369338
22330 49369338
22340 49369338
22350 49369338
22360 49369338
22370 49369338
22380 49369338
22390 49369338
22400 49369338
22410 49369338
22420 49369338
22430 49369338
22440 49369338
22450 49369338
22460 49369338
22470 49369338
22480 49369338
22490 49369338
22500 49369338
22510 49369338
22520 49369338
22530 49369338
22540 49369338
22550 49369338
22560 49369338
22570 49369338
22580 49369338
22590 49369338
22600 49369338
22610 49369338
22620 49369338
22630 49369338
22640 49369338
22650 49369338
22660 49369338
22670 49369338
22680 49369338
22690 49369338
22700 49369338
22710 49369338
22720 49369338
22730 49369338
22740 49369338
22750 49369338
22760 49369338
22770 49369338
22780 49369338
22790 49369338
22800 49369338
22810 49369338
22820 49369338
22830 49369338
22840 49369338
22850 49369338
22860 49369338
22870 49369338
22880 49369338
22890 49369338
22900 49369338
22910 49369338
22920 49369338
22930 49369338
22940 49369338
22950 49369338
22960 49369338
22970 49369338
22980 49369338
22990 49369338
23000 49369338
23010 49369338
23020 49369338
23030 49369338
23040 49369338
23050 49369338
23060 49369338
23070 49369338
23080 49369338
23090 49369338
23100 49369338
23110 49369338
23120 49369338
23130 49369338
23140 49369338
23150 49369338
23160 49369338
23170 49369338
23180 49369338
23190 49369338
23200 49369338
23210 49369338
23220 49369338
23230 49369338
23240 49369338
23250 49369338
23260 49369338
23270 49369338
23280 49369338
23290 49369338
23300 49369338
23310 49369338
23320 49369338
23330 49369338
23340 49369338
23350 49369338
23360 49369338
23370 49369338
23380 49369338
23390 49369338
23400 49369338
23410 49369338
23420 49369338
23430 49369338
23440 49369338
23450 49369338
23460 49369338
23470 48899728
23480 48899728
23490 48899728
23500 48899728
23510 48899728
23520 48899728
23530 48899728
23540 48899728
23550 48899728
23560 48899728
23570 48899728
23580 48899728
23590 48899728
23600 48899728
23610 48899728
23620 48899728
23630 48899728
23640 48899728
23650 48899728
23660 48899728
23670 48899728
23680 48899728
23690 48899728
23700 48899728
23710 48899728
23720 48899728
23730 48899728
23740 48899728
23750 48899728
23760 48899728
23770 48899728
23780 48899728
23790 48899728
23800 48899728
23810 48899728
23820 48899728
23830 48899728
23840 48899728
23850 48899728
23860 48899728
23870 48899728
23880 48899728
23890 48899728
23900 48899728
23910 48899728
23920 48899728
23930 48899728
23940 48899728
23950 48899728
23960 48899728
23970 48899728
23980 48899728
23990 48899728
24000 48899728
24010 48899728
24020 48899728
24030 48899728
24040 48899728
24050 48899728
24060 48899728
24070 48899728
24080 48899728
24090 48899728
24100 48899728
24110 48899728
24120 48899728
24130 48899728
24140 48899728
24150 48899728
24160 48899728
24170 48899728
24180 48899728
24190 48899728
24200 48899728
24210 48899728
24220 48899728
24230 48899728
24240 48899728
24250 48899728
24260 48899728
24270 48899728
24280 48899728
24290 48899728
24300 48899728
24310 48899728
24320 48899728
24330 48899728
24340 48899728
24350 48899728
24360 48899728
24370 48899728
24380 48899728
24390 48899728
24400 48899728
24410 48899728
24420 48899728
24430 48899728
24440 48899728
24450 48899728
24460 48899728
24470 48899728
24480 48899728
24490 48899728
24500 48899728
24510 48899728
24520 48899728
24530 48899728
24540 48899728
24550 48899728
24560 48899728
24570 48899728
24580 48899728
24590 48899728
24600 48899728
24610 48899728
24620 48899728
24630 48899728
24640 48899728
24650 48899728
24660 48899728
24670 48899728
24680 48899728
24690 48899728
24700 48899728
24710 48899728
24720 48899728
24730 48899728
24740 48899728
24750 48899728
24760 48899728
24770 48899728
24780 48899728
24790 48899728
24800 48899728
24810 48899728
24820 48899728
24830 48899728
24840 48899728
24850 48899728
24860 48899728
24870 48899728
24880 48899728
24890 48899728
24900 48899728
24910 48899728
24920 48899728
24930 48899728
24940 48899728
24950 48899728
24960 48899728
24970 48899728
24980 48899728
24990 48899728
