0 11206
10 11206
20 9988
30 9988
40 9988
50 9988
60 9988
70 9988
80 9988
90 9988
100 9988
110 9988
120 9988
130 9988
140 9988
150 9988
160 9988
170 9988
180 9988
190 9988
200 9988
210 9988
220 9988
230 9988
240 9988
250 9988
260 9236
270 9236
280 9236
290 9236
300 9236
310 9236
320 8810
330 8810
340 8810
350 8810
360 8810
370 8810
380 8810
390 8810
400 8810
410 8810
420 8810
430 8810
440 8810
450 8810
460 8810
470 8810
480 8810
490 8810
500 8810
510 8810
520 8810
530 8810
540 8810
550 8810
560 8810
570 8810
580 8810
590 8810
600 8810
610 8776
620 8776
630 8776
640 8714
650 8714
660 8594
670 8594
680 8594
690 8594
700 8496
710 8496
720 8496
730 8496
740 8496
750 8488
760 8488
770 8488
780 8220
790 8220
800 8220
810 8220
820 8190
830 8190
840 8190
850 8190
860 8190
870 8190
880 8190
890 8190
900 8190
910 8190
920 8190
930 8086
940 8086
950 7932
960 7932
970 7932
980 7932
990 7932
1000 7878
1010 7878
1020 7878
1030 7878
1040 7842
1050 7842
1060 7842
1070 7842
1080 7842
1090 7842
1100 7842
1110 7842
1120 7842
1130 7842
1140 7842
1150 7842
1160 7842
1170 7842
1180 7842
1190 7842
1200 7842
1210 7842
1220 7842
1230 7842
1240 7842
1250 7842
1260 7842
1270 7842
1280 7842
1290 7842
1300 7816
1310 7816
1320 7816
1330 7816
1340 7778
1350 7778
1360 7778
1370 7778
1380 7778
1390 7778
1400 7778
1410 7778
1420 7778
1430 7732
1440 7732
1450 7732
1460 7642
1470 7642
1480 7642
1490 7642
1500 7642
1510 7642
1520 7642
1530 7642
1540 7642
1550 7642
1560 7546
1570 7546
1580 7546
1590 7546
1600 7546
1610 7546
1620 7546
1630 7546
1640 7546
1650 7546
1660 7546
1670 7546
1680 7546
1690 7546
1700 7546
1710 7546
1720 7546
1730 7546
1740 7478
1750 7478
1760 7478
1770 7478
1780 7478
1790 7478
1800 7478
1810 7478
1820 7478
1830 7478
1840 7478
1850 7478
1860 7478
1870 7394
1880 7366
1890 7366
1900 7366
1910 7366
1920 7366
1930 7366
1940 7366
1950 7366
1960 7366
1970 7282
1980 7282
1990 7282
2000 7282
2010 7282
2020 7282
2030 7282
2040 7282
2050 7282
2060 7282
2070 7282
2080 7282
2090 7282
2100 7282
2110 7282
2120 7282
2130 7282
2140 7282
2150 7282
2160 7282
2170 7282
2180 7254
2190 7246
2200 7246
2210 7246
2220 7246
2230 7246
2240 7246
2250 7246
2260 7246
2270 7240
2280 7240
2290 7240
2300 7240
2310 7240
2320 7240
2330 7240
2340 7240
2350 7240
2360 7240
2370 7240
2380 7234
2390 7234
2400 7234
2410 7212
2420 7212
2430 7212
2440 7212
2450 7212
2460 7212
2470 7212
2480 7212
2490 7212
2500 7212
2510 7212
2520 7212
2530 7212
2540 7212
2550 7126
2560 7126
2570 7126
2580 7126
2590 7126
2600 7126
2610 7126
2620 7126
2630 7126
2640 7126
2650 7126
2660 7126
2670 7126
2680 7126
2690 7126
2700 7126
2710 7126
2720 7126
2730 7126
2740 7126
2750 7126
2760 7126
2770 7126
2780 7126
2790 7126
2800 7126
2810 7126
2820 7126
2830 7126
2840 7126
2850 7126
2860 7126
2870 7126
2880 7126
2890 7126
2900 7126
2910 7126
2920 7126
2930 7126
2940 7126
2950 7126
2960 7126
2970 7126
2980 7126
2990 7126
3000 7126
3010 7126
3020 7126
3030 7126
3040 7126
3050 7126
3060 7126
3070 7126
3080 7126
3090 7126
3100 7126
3110 7126
3120 7126
3130 7126
3140 7126
3150 7126
3160 7126
3170 7126
3180 7126
3190 7126
3200 7126
3210 7126
3220 7126
3230 7126
3240 7126
3250 7126
3260 7126
3270 7126
3280 7126
3290 7126
3300 7126
3310 7126
3320 7126
3330 7126
3340 7126
3350 7126
3360 7126
3370 7126
3380 7126
3390 7126
3400 7126
3410 7126
3420 7126
3430 7126
3440 7126
3450 7126
3460 7126
3470 7126
3480 7126
3490 7126
3500 7126
3510 7126
3520 7126
3530 7126
3540 7126
3550 7126
3560 7126
3570 7126
3580 7126
3590 7126
3600 7126
3610 7126
3620 7126
3630 7126
3640 7126
3650 7126
3660 7126
3670 7126
3680 7126
3690 7126
3700 7126
3710 7126
3720 7126
3730 7126
3740 7126
3750 7126
3760 7126
3770 7126
3780 7126
3790 7126
3800 7126
3810 7126
3820 7126
3830 7126
3840 7126
3850 7126
3860 7126
3870 7126
3880 7126
3890 7126
3900 7126
3910 7126
3920 7126
3930 7126
3940 7126
3950 7126
3960 7126
3970 7126
3980 7126
3990 7126
4000 7126
4010 7126
4020 7126
4030 7126
4040 7126
4050 7126
4060 7126
4070 7126
4080 7126
4090 7126
4100 7126
4110 7126
4120 7126
4130 7126
4140 7126
4150 7126
4160 7126
4170 7126
4180 7126
4190 7126
4200 7126
4210 7126
4220 7126
4230 7126
4240 7126
4250 7126
4260 7126
4270 7126
4280 7126
4290 7126
4300 7126
4310 7126
4320 7126
4330 7126
4340 7126
4350 7126
4360 7126
4370 7126
4380 7126
4390 7126
4400 7126
4410 7126
4420 7126
4430 7126
4440 7126
4450 7126
4460 7126
4470 7126
4480 7126
4490 7126
4500 7126
4510 7126
4520 7126
4530 7126
4540 7126
4550 7126
4560 7126
4570 7126
4580 7126
4590 7126
4600 7126
4610 7126
4620 7126
4630 7126
4640 7126
4650 7126
4660 7126
4670 7126
4680 7126
4690 7126
4700 7126
4710 7126
4720 7126
4730 7126
4740 7126
4750 7126
4760 7126
4770 7126
4780 7126
4790 7126
4800 7126
4810 7126
4820 7126
4830 7126
4840 7126
4850 7126
4860 7126
4870 7126
4880 7126
4890 7126
4900 7126
4910 7126
4920 7126
4930 7126
4940 7126
4950 7126
4960 7126
4970 7126
4980 7126
4990 7126
5000 7126
5010 7126
5020 7126
5030 7126
5040 7126
5050 7126
5060 7126
5070 7126
5080 7126
5090 7126
5100 7126
5110 7126
5120 7126
5130 7126
5140 7126
5150 7126
5160 7126
5170 7126
5180 7126
5190 7126
5200 7126
5210 7126
5220 7126
5230 7126
5240 7126
5250 7126
5260 7126
5270 7126
5280 7126
5290 7126
5300 7126
5310 7126
5320 7126
5330 7126
5340 7126
5350 7126
5360 7126
5370 7126
5380 7126
5390 7126
5400 7126
5410 7126
5420 7126
5430 7126
5440 7126
5450 7126
5460 7126
5470 7126
5480 7126
5490 7126
5500 7126
5510 7126
5520 7126
5530 7126
5540 7126
5550 7126
5560 7126
5570 7126
5580 7126
5590 7126
5600 7126
5610 7126
5620 7126
5630 7126
5640 7126
5650 7126
5660 7126
5670 7126
5680 7126
5690 7126
5700 7126
5710 7126
5720 7126
5730 7126
5740 7126
5750 7126
5760 7126
5770 7126
5780 7126
5790 7126
5800 7126
5810 7126
5820 7126
5830 7126
5840 7126
5850 7126
5860 7126
5870 7126
5880 7126
5890 7126
5900 7126
5910 7126
5920 7126
5930 7126
5940 7126
5950 7126
5960 7126
5970 7126
5980 7126
5990 7126
6000 7126
6010 7126
6020 7126
6030 7126
6040 7126
6050 7126
6060 7126
6070 7126
6080 7126
6090 7126
6100 7126
6110 7126
6120 7126
6130 7126
6140 7126
6150 7126
6160 7126
6170 7126
6180 7126
6190 7126
6200 7126
6210 7126
6220 7126
6230 7126
6240 7126
6250 7126
6260 7126
6270 7126
6280 7126
6290 7126
6300 7126
6310 7126
6320 7126
6330 7126
6340 7126
6350 7126
6360 7126
6370 7126
6380 7126
6390 7126
6400 7126
6410 7126
6420 7126
6430 7126
6440 7126
6450 7126
6460 7126
6470 7126
6480 7126
6490 7126
6500 7126
6510 7126
6520 7126
6530 7126
6540 7126
6550 7126
6560 7126
6570 7126
6580 7126
6590 7126
6600 7126
6610 7126
6620 7126
6630 7126
6640 7126
6650 7126
6660 7126
6670 7126
6680 7126
6690 7126
6700 7126
6710 7126
6720 7126
6730 7126
6740 7126
6750 7126
6760 7126
6770 7126
6780 7126
6790 7126
6800 7126
6810 7126
6820 7126
6830 7126
6840 7126
6850 7126
6860 7126
6870 7126
6880 7126
6890 7126
6900 7126
6910 7126
6920 7126
6930 7126
6940 7126
6950 7126
6960 7126
6970 7126
6980 7126
6990 7126
7000 7126
7010 7126
7020 7126
7030 7126
7040 7126
7050 7126
7060 7126
7070 7126
7080 7126
7090 7126
7100 7126
7110 7126
7120 7126
7130 7126
7140 7126
7150 7126
7160 7126
7170 7126
7180 7126
7190 7126
7200 7126
7210 7126
7220 7126
7230 7126
7240 7126
7250 7126
7260 7126
7270 7126
7280 7126
7290 7126
7300 7126
7310 7126
7320 7126
7330 7126
7340 7126
7350 7126
7360 7126
7370 7126
7380 7126
7390 7126
7400 7126
7410 7126
7420 7126
7430 7126
7440 7126
7450 7126
7460 7126
7470 7126
7480 7126
7490 7126
7500 7126
7510 7126
7520 7126
7530 7126
7540 7126
7550 7126
7560 7126
7570 7126
7580 7126
7590 7126
7600 7126
7610 7126
7620 7126
7630 7126
7640 7126
7650 7126
7660 7126
7670 7126
7680 7126
7690 7126
7700 7126
7710 7126
7720 7126
7730 7126
7740 7126
7750 7126
7760 7126
7770 7126
7780 7126
7790 7126
7800 7126
7810 7126
7820 7126
7830 7126
7840 7126
7850 7126
7860 7126
7870 7126
7880 7126
7890 7126
7900 7126
7910 7126
7920 7126
7930 7126
7940 7126
7950 7126
7960 7126
7970 7126
7980 7126
7990 7126
8000 7126
8010 7126
8020 7126
8030 7126
8040 7126
8050 7126
8060 7126
8070 7126
8080 7126
8090 7126
8100 7126
8110 7126
8120 7126
8130 7126
8140 7126
8150 7126
8160 7126
8170 7126
8180 7126
8190 7126
8200 7126
8210 7126
8220 7126
8230 7126
8240 7126
8250 7126
8260 7126
8270 7126
8280 7126
8290 7126
8300 7126
8310 7126
8320 7126
8330 7126
8340 7126
8350 7126
8360 7126
8370 7126
8380 7126
8390 7126
8400 7126
8410 7126
8420 7126
8430 7126
8440 7126
8450 7126
8460 7126
8470 7126
8480 7126
8490 7126
8500 7126
8510 7126
8520 7126
8530 7126
8540 7126
8550 7126
8560 7126
8570 7126
8580 7126
8590 7126
8600 7126
8610 7126
8620 7126
8630 7126
8640 7126
8650 7126
8660 7126
8670 7126
8680 7126
8690 7126
8700 7126
8710 7126
8720 7126
8730 7126
8740 7126
8750 7126
8760 7126
8770 7126
8780 7126
8790 7126
8800 7126
8810 7126
8820 7126
8830 7126
8840 7126
8850 7126
8860 7126
8870 7126
8880 7126
8890 7126
8900 7126
8910 7126
8920 7126
8930 7126
8940 7126
8950 7126
8960 7126
8970 7126
8980 7126
8990 7126
9000 7126
9010 7126
9020 7126
9030 7126
9040 7126
9050 7126
9060 7126
9070 7126
9080 7126
9090 7126
9100 7126
9110 7126
9120 7126
9130 7126
9140 7126
9150 7126
9160 7126
9170 7126
9180 7126
9190 7126
9200 7126
9210 7126
9220 7126
9230 7126
9240 7126
9250 7126
9260 7126
9270 7126
9280 7126
9290 7126
9300 7126
9310 7126
9320 7126
9330 7126
9340 7126
9350 7126
9360 7126
9370 7126
9380 7126
9390 7126
9400 7126
9410 7126
9420 7126
9430 7126
9440 7126
9450 7126
9460 7126
9470 7126
9480 7126
9490 7126
9500 7126
9510 7126
9520 7126
9530 7126
9540 7126
9550 7126
9560 7126
9570 7126
9580 7126
9590 7126
9600 7126
9610 7126
9620 7126
9630 7126
9640 7126
9650 7126
9660 7126
9670 7126
9680 7126
9690 7126
9700 7126
9710 7126
9720 7126
9730 7126
9740 7126
9750 7126
9760 7126
9770 7126
9780 7126
9790 7126
9800 7126
9810 7126
9820 7126
9830 7126
9840 7126
9850 7126
9860 7126
9870 7126
9880 7126
9890 7126
9900 7126
9910 7126
9920 7126
9930 7126
9940 7126
9950 7126
9960 7126
9970 7126
9980 7126
9990 7126
10000 7126
10010 7126
10020 7126
10030 7126
10040 7126
10050 7126
10060 7126
10070 7126
10080 7126
10090 7126
10100 7126
10110 7126
10120 7126
10130 7126
10140 7126
10150 7126
10160 7126
10170 7126
10180 7126
10190 7126
10200 7126
10210 7126
10220 7126
10230 7126
10240 7126
10250 7126
10260 7126
10270 7126
10280 7126
10290 7126
10300 7126
10310 7126
10320 7126
10330 7126
10340 7126
10350 7126
10360 7126
10370 7126
10380 7126
10390 7126
10400 7126
10410 7126
10420 7126
10430 7126
10440 7126
10450 7126
10460 7126
10470 7126
10480 7126
10490 7126
10500 7126
10510 7126
10520 7126
10530 7126
10540 7126
10550 7126
10560 7126
10570 7126
10580 7126
10590 7126
10600 7126
10610 7126
10620 7126
10630 7126
10640 7126
10650 7126
10660 7126
10670 7126
10680 7126
10690 7126
10700 7126
10710 7126
10720 7126
10730 7126
10740 7126
10750 7126
10760 7126
10770 7126
10780 7126
10790 7126
10800 7126
10810 7126
10820 7126
10830 7126
10840 7126
10850 7126
10860 7126
10870 7126
10880 7126
10890 7126
10900 7126
10910 7126
10920 7126
10930 7126
10940 7126
10950 7126
10960 7126
10970 7126
10980 7126
10990 7126
11000 7126
11010 7126
11020 7126
11030 7126
11040 7126
11050 7126
11060 7126
11070 7126
11080 7126
11090 7126
11100 7126
11110 7126
11120 7126
11130 7126
11140 7126
11150 7126
11160 7126
11170 7126
11180 7126
11190 7126
11200 7126
11210 7126
11220 7126
11230 7126
11240 7126
11250 7126
11260 7126
11270 7126
11280 7126
11290 7126
11300 7126
11310 7126
11320 7126
11330 7126
11340 7126
11350 7126
11360 7126
11370 7126
11380 7126
11390 7126
11400 7126
11410 7126
11420 7126
11430 7126
11440 7126
11450 7126
11460 7126
11470 7126
11480 7126
11490 7126
11500 7126
11510 7126
11520 7126
11530 7126
11540 7126
11550 7126
11560 7126
11570 7126
11580 7126
11590 7126
11600 7126
11610 7126
11620 7126
11630 7126
11640 7126
11650 7126
11660 7126
11670 7126
11680 7126
11690 7126
11700 7126
11710 7126
11720 7126
11730 7126
11740 7126
11750 7126
11760 7126
11770 7126
11780 7126
11790 7126
11800 7126
11810 7126
11820 7126
11830 7126
11840 7126
11850 7126
11860 7126
11870 7126
11880 7126
11890 7126
11900 7126
11910 7126
11920 7126
11930 7126
11940 7126
11950 7126
11960 7126
11970 7126
11980 7126
11990 7126
12000 7126
12010 7126
12020 7126
12030 7126
12040 7126
12050 7126
12060 7126
12070 7126
12080 7126
12090 7126
12100 7126
12110 7126
12120 7126
12130 7126
12140 7126
12150 7126
12160 7126
12170 7126
12180 7126
12190 7126
12200 7126
12210 7126
12220 7126
12230 7126
12240 7126
12250 7126
12260 7126
12270 7126
12280 7126
12290 7126
12300 7126
12310 7126
12320 7126
12330 7126
12340 7126
12350 7126
12360 7126
12370 7126
12380 7126
12390 7126
12400 7126
12410 7126
12420 7126
12430 7126
12440 7126
12450 7126
12460 7126
12470 7126
12480 7126
12490 7126
12500 7126
12510 7126
12520 7126
12530 7126
12540 7126
12550 7126
12560 7126
12570 7126
12580 7126
12590 7126
12600 7126
12610 7126
12620 7126
12630 7126
12640 7126
12650 7126
12660 7126
12670 7126
12680 7126
12690 7126
12700 7126
12710 7126
12720 7126
12730 7126
12740 7126
12750 7126
12760 7126
12770 7126
12780 7126
12790 7126
12800 7126
12810 7126
12820 7126
12830 7126
12840 7126
12850 7126
12860 7126
12870 7126
12880 7126
12890 7126
12900 7126
12910 7126
12920 7126
12930 7126
12940 7126
12950 7126
12960 7126
12970 7126
12980 7126
12990 7126
13000 7126
13010 7126
13020 7126
13030 7126
13040 7126
13050 7126
13060 7126
13070 7126
13080 7126
13090 7126
13100 7126
13110 7126
13120 7126
13130 7126
13140 7126
13150 7126
13160 7126
13170 7126
13180 7126
13190 7126
13200 7126
13210 7126
13220 7126
13230 7126
13240 7126
13250 7126
13260 7126
13270 7126
13280 7126
13290 7126
13300 7126
13310 7126
13320 7126
13330 7126
13340 7126
13350 7126
13360 7126
13370 7126
13380 7126
13390 7126
13400 7126
13410 7126
13420 7126
13430 7126
13440 7126
13450 7126
13460 7126
13470 7126
13480 7126
13490 7126
13500 7126
13510 7126
13520 7126
13530 7126
13540 7126
13550 7126
13560 7126
13570 7126
13580 7126
13590 7126
13600 7126
13610 7126
13620 7126
13630 7126
13640 7126
13650 7126
13660 7126
13670 7126
13680 7126
13690 7126
13700 7126
13710 7126
13720 7126
13730 7126
13740 7126
13750 7126
13760 7126
13770 7126
13780 7126
13790 7126
13800 7126
13810 7126
13820 7126
13830 7126
13840 7126
13850 7126
13860 7126
13870 7126
13880 7126
13890 7126
13900 7126
13910 7126
13920 7126
13930 7126
13940 7126
13950 7126
13960 7126
13970 7126
13980 7126
13990 7126
14000 7126
14010 7126
14020 7126
14030 7126
14040 7126
14050 7126
14060 7126
14070 7126
14080 7126
14090 7126
14100 7126
14110 7126
14120 7126
14130 7126
14140 7126
14150 7126
14160 7126
14170 7126
14180 7126
14190 7126
14200 7126
14210 7126
14220 7126
14230 7126
14240 7126
14250 7126
14260 7126
14270 7126
14280 7126
14290 7126
14300 7126
14310 7126
14320 7126
14330 7126
14340 7126
14350 7126
14360 7126
14370 7126
14380 7126
14390 7126
14400 7126
14410 7126
14420 7126
14430 7126
14440 7126
14450 7126
14460 7126
14470 7126
14480 7126
14490 7126
14500 7126
14510 7126
14520 7126
14530 7126
14540 7126
14550 7126
14560 7126
14570 7126
14580 7126
14590 7126
14600 7126
14610 7126
14620 7126
14630 7126
14640 7126
14650 7126
14660 7126
14670 7126
14680 7126
14690 7126
14700 7126
14710 7126
14720 7126
14730 7126
14740 7126
14750 7126
14760 7126
14770 7126
14780 7126
14790 7126
14800 7126
14810 7126
14820 7126
14830 7126
14840 7126
14850 7126
14860 7126
14870 7126
14880 7126
14890 7126
14900 7126
14910 7126
14920 7126
14930 7126
14940 7126
14950 7126
14960 7126
14970 7126
14980 7126
14990 7126
15000 7126
15010 7126
15020 7126
15030 7126
15040 7126
15050 7126
15060 7126
15070 7126
15080 7126
15090 7126
15100 7126
15110 7126
15120 7126
15130 7126
15140 7126
15150 7126
15160 7126
15170 7126
15180 7126
15190 7126
15200 7126
15210 7126
15220 7126
15230 7126
15240 7126
15250 7126
15260 7126
15270 7126
15280 7126
15290 7126
15300 7126
15310 7126
15320 7126
15330 7126
15340 7126
15350 7126
15360 7126
15370 7126
15380 7126
15390 7126
15400 7126
15410 7126
15420 7126
15430 7126
15440 7126
15450 7126
15460 7126
15470 7126
15480 7126
15490 7126
15500 7126
15510 7126
15520 7126
15530 7126
15540 7126
15550 7126
15560 7126
15570 7126
15580 7126
15590 7126
15600 7126
15610 7126
15620 7126
15630 7126
15640 7126
15650 7126
15660 7126
15670 7126
15680 7126
15690 7126
15700 7126
15710 7126
15720 7126
15730 7126
15740 7126
15750 7126
15760 7126
15770 7126
15780 7126
15790 7126
15800 7126
15810 7126
15820 7126
15830 7126
15840 7126
15850 7126
15860 7126
15870 7126
15880 7126
15890 7126
15900 7126
15910 7126
15920 7126
15930 7126
15940 7126
15950 7126
15960 7126
15970 7126
15980 7126
15990 7126
16000 7126
16010 7126
16020 7126
16030 7126
16040 7126
16050 7126
16060 7126
16070 7126
16080 7126
16090 7126
16100 7126
16110 7126
16120 7126
16130 7126
16140 7126
16150 7126
16160 7126
16170 7126
16180 7126
16190 7126
16200 7126
16210 7126
16220 7126
16230 7126
16240 7126
16250 7126
16260 7126
16270 7126
16280 7126
16290 7126
16300 7126
16310 7126
16320 7126
16330 7126
16340 7126
16350 7126
16360 7126
16370 7126
16380 7126
16390 7126
16400 7126
16410 7126
16420 7126
16430 7126
16440 7126
16450 7126
16460 7126
16470 7126
16480 7126
16490 7126
16500 7126
16510 7126
16520 7126
16530 7126
16540 7126
16550 7126
16560 7126
16570 7126
16580 7126
16590 7126
16600 7126
16610 7126
16620 7126
16630 7126
16640 7126
16650 7126
16660 7126
16670 7126
16680 7126
16690 7126
16700 7126
16710 7126
16720 7126
16730 7126
16740 7126
16750 7126
16760 7126
16770 7126
16780 7126
16790 7126
16800 7126
16810 7126
16820 7126
16830 7126
16840 7126
16850 7126
16860 7126
16870 7126
16880 7126
16890 7126
16900 7126
16910 7126
16920 7126
16930 7126
16940 7126
16950 7126
16960 7126
16970 7126
16980 7126
16990 7126
17000 7126
17010 7126
17020 7126
17030 7126
17040 7126
17050 7126
17060 7126
17070 7126
17080 7126
17090 7126
17100 7126
17110 7126
17120 7126
17130 7126
17140 7126
17150 7126
17160 7126
17170 7126
17180 7126
17190 7126
17200 7126
17210 7126
17220 7126
17230 7126
17240 7126
17250 7126
17260 7126
17270 7126
17280 7126
17290 7126
17300 7126
17310 7126
17320 7126
17330 7126
17340 7126
17350 7126
17360 7126
17370 7126
17380 7126
17390 7126
17400 7126
17410 7126
17420 7126
17430 7126
17440 7126
17450 7126
17460 7126
17470 7126
17480 7126
17490 7126
17500 7126
17510 7126
17520 7126
17530 7126
17540 7126
17550 7126
17560 7126
17570 7126
17580 7126
17590 7126
17600 7126
17610 7126
17620 7126
17630 7126
17640 7126
17650 7126
17660 7126
17670 7126
17680 7126
17690 7126
17700 7126
17710 7126
17720 7126
17730 7126
17740 7126
17750 7126
17760 7126
17770 7126
17780 7126
17790 7126
17800 7126
17810 7126
17820 7126
17830 7126
17840 7126
17850 7126
17860 7126
17870 7126
17880 7126
17890 7126
17900 7126
17910 7126
17920 7126
17930 7126
17940 7126
17950 7126
17960 7126
17970 7126
17980 7126
17990 7126
18000 7126
18010 7126
18020 7126
18030 7126
18040 7126
18050 7126
18060 7126
18070 7126
18080 7126
18090 7126
18100 7126
18110 7126
18120 7126
18130 7126
18140 7126
18150 7126
18160 7126
18170 7126
18180 7126
18190 7126
18200 7126
18210 7126
18220 7126
18230 7126
18240 7126
18250 7126
18260 7126
18270 7126
18280 7126
18290 7126
18300 7126
18310 7126
18320 7126
18330 7126
18340 7126
18350 7126
18360 7126
18370 7126
18380 7126
18390 7126
18400 7126
18410 7126
18420 7126
18430 7126
18440 7126
18450 7126
18460 7126
18470 7126
18480 7126
18490 7126
18500 7126
18510 7126
18520 7126
18530 7126
18540 7126
18550 7126
18560 7126
18570 7126
18580 7126
18590 7126
18600 7126
18610 7126
18620 7126
18630 7126
18640 7126
18650 7126
18660 7126
18670 7126
18680 7126
18690 7126
18700 7126
18710 7126
18720 7126
18730 7126
18740 7126
18750 7126
18760 7126
18770 7126
18780 7126
18790 7126
18800 7126
18810 7126
18820 7126
18830 7126
18840 7126
18850 7126
18860 7126
18870 7126
18880 7126
18890 7126
18900 7126
18910 7126
18920 7126
18930 7126
18940 7126
18950 7126
18960 7126
18970 7126
18980 7126
18990 7126
19000 7126
19010 7126
19020 7126
19030 7126
19040 7126
19050 7126
19060 7126
19070 7126
19080 7126
19090 7126
19100 7126
19110 7126
19120 7126
19130 7126
19140 7126
19150 7126
19160 7126
19170 7126
19180 7126
19190 7126
19200 7126
19210 7126
19220 7126
19230 7126
19240 7126
19250 7126
19260 7126
19270 7126
19280 7126
19290 7126
19300 7126
19310 7126
19320 7126
19330 7126
19340 7126
19350 7126
19360 7126
19370 7126
19380 7126
19390 7126
19400 7126
19410 7126
19420 7126
19430 7126
19440 7126
19450 7126
19460 7126
19470 7126
19480 7126
19490 7126
19500 7126
19510 7126
19520 7126
19530 7126
19540 7126
19550 7126
19560 7126
19570 7126
19580 7126
19590 7126
19600 7126
19610 7126
19620 7126
19630 7126
19640 7126
19650 7126
19660 7126
19670 7126
19680 7126
19690 7126
19700 7126
19710 7126
19720 7126
19730 7126
19740 7126
19750 7126
19760 7126
19770 7126
19780 7126
19790 7126
19800 7126
19810 7126
19820 7126
19830 7126
19840 7126
19850 7126
19860 7126
19870 7126
19880 7126
19890 7126
19900 7126
19910 7126
19920 7126
19930 7126
19940 7126
19950 7126
19960 7126
19970 7126
19980 7126
19990 7126
20000 7126
20010 7126
20020 7126
20030 7126
20040 7126
20050 7126
20060 7126
20070 7126
20080 7126
20090 7126
20100 7126
20110 7126
20120 7126
20130 7126
20140 7126
20150 7126
20160 7126
20170 7126
20180 7126
20190 7126
20200 7126
20210 7126
20220 7126
20230 7126
20240 7126
20250 7126
20260 7126
20270 7126
20280 7126
20290 7126
20300 7126
20310 7126
20320 7126
20330 7126
20340 7126
20350 7126
20360 7126
20370 7126
20380 7126
20390 7126
20400 7126
20410 7126
20420 7126
20430 7126
20440 7126
20450 7126
20460 7126
20470 7126
20480 7126
20490 7126
20500 7126
20510 7126
20520 7126
20530 7126
20540 7126
20550 7126
20560 7126
20570 7126
20580 7126
20590 7126
20600 7126
20610 7126
20620 7126
20630 7126
20640 7126
20650 7126
20660 7126
20670 7126
20680 7126
20690 7126
20700 7126
20710 7126
20720 7126
20730 7126
20740 7126
20750 7126
20760 7126
20770 7126
20780 7126
20790 7126
20800 7126
20810 7126
20820 7126
20830 7126
20840 7126
20850 7126
20860 7126
20870 7126
20880 7126
20890 7126
20900 7126
20910 7126
20920 7126
20930 7126
20940 7126
20950 7126
20960 7126
20970 7126
20980 7126
20990 7126
21000 7126
21010 7126
21020 7126
21030 7126
21040 7126
21050 7126
21060 7126
21070 7126
21080 7126
21090 7126
21100 7126
21110 7126
21120 7126
21130 7126
21140 7126
21150 7126
21160 7126
21170 7126
21180 7126
21190 7126
21200 7126
21210 7126
21220 7126
21230 7126
21240 7126
21250 7126
21260 7126
21270 7126
21280 7126
21290 7126
21300 7126
21310 7126
21320 7126
21330 7126
21340 7126
21350 7126
21360 7126
21370 7126
21380 7126
21390 7126
21400 7126
21410 7126
21420 7126
21430 7126
21440 7126
21450 7126
21460 7126
21470 7126
21480 7126
21490 7126
21500 7126
21510 7126
21520 7126
21530 7126
21540 7126
21550 7126
21560 7126
21570 7126
21580 7126
21590 7126
21600 7126
21610 7126
21620 7126
21630 7126
21640 7126
21650 7126
21660 7126
21670 7126
21680 7126
21690 7126
21700 7126
21710 7126
21720 7126
21730 7126
21740 7126
21750 7126
21760 7126
21770 7126
21780 7126
21790 7126
21800 7126
21810 7126
21820 7126
21830 7126
21840 7126
21850 7126
21860 7126
21870 7126
21880 7126
21890 7126
21900 7126
21910 7126
21920 7126
21930 7126
21940 7126
21950 7126
21960 7126
21970 7126
21980 7126
21990 7126
22000 7126
22010 7126
22020 7126
22030 7126
22040 7126
22050 7126
22060 7126
22070 7126
22080 7126
22090 7126
22100 7126
22110 7126
22120 7126
22130 7126
22140 7126
22150 7126
22160 7126
22170 7126
22180 7126
22190 7126
22200 7126
22210 7126
22220 7126
22230 7126
22240 7126
22250 7126
22260 7126
22270 7126
22280 7126
22290 7126
22300 7126
22310 7126
22320 7126
22330 7126
22340 7126
22350 7126
22360 7126
22370 7126
22380 7126
22390 7126
22400 7126
22410 7126
22420 7126
22430 7126
22440 7126
22450 7126
22460 7126
22470 7126
22480 7126
22490 7126
22500 7126
22510 7126
22520 7126
22530 7126
22540 7126
22550 7126
22560 7126
22570 7126
22580 7126
22590 7126
22600 7126
22610 7126
22620 7126
22630 7126
22640 7126
22650 7126
22660 7126
22670 7126
22680 7126
22690 7126
22700 7126
22710 7126
22720 7126
22730 7126
22740 7126
22750 7126
22760 7126
22770 7126
22780 7126
22790 7126
22800 7126
22810 7126
22820 7126
22830 7126
22840 7126
22850 7126
22860 7126
22870 7126
22880 7126
22890 7126
22900 7126
22910 7126
22920 7126
22930 7126
22940 7126
22950 7126
22960 7126
22970 7126
22980 7126
22990 7126
23000 7126
23010 7126
23020 7126
23030 7126
23040 7126
23050 7126
23060 7126
23070 7126
23080 7126
23090 7126
23100 7126
23110 7126
23120 7126
23130 7126
23140 7126
23150 7126
23160 7126
23170 7126
23180 7126
23190 7126
23200 7126
23210 7126
23220 7126
23230 7126
23240 7126
23250 7126
23260 7126
23270 7126
23280 7126
23290 7126
23300 7126
23310 7126
23320 7126
23330 7126
23340 7126
23350 7126
23360 7126
23370 7126
23380 7126
23390 7126
23400 7126
23410 7126
23420 7126
23430 7126
23440 7126
23450 7126
23460 7126
23470 7126
23480 7126
23490 7126
23500 7126
23510 7126
23520 7126
23530 7126
23540 7126
23550 7126
23560 7126
23570 7126
23580 7126
23590 7126
23600 7126
23610 7126
23620 7126
23630 7126
23640 7126
23650 7126
23660 7126
23670 7126
23680 7126
23690 7126
23700 7126
23710 7126
23720 7126
23730 7126
23740 7126
23750 7126
23760 7126
23770 7126
23780 7126
23790 7126
23800 7126
23810 7126
23820 7126
23830 7126
23840 7126
23850 7126
23860 7126
23870 7126
23880 7126
23890 7126
23900 7126
23910 7126
23920 7126
23930 7126
23940 7126
23950 7126
23960 7126
23970 7126
23980 7126
23990 7126
24000 7126
24010 7126
24020 7126
24030 7126
24040 7126
24050 7126
24060 7126
24070 7126
24080 7126
24090 7126
24100 7126
24110 7126
24120 7126
24130 7126
24140 7126
24150 7126
24160 7126
24170 7126
24180 7126
24190 7126
24200 7126
24210 7126
24220 7126
24230 7126
24240 7126
24250 7126
24260 7126
24270 7126
24280 7126
24290 7126
24300 7126
24310 7126
24320 7126
24330 7126
24340 7126
24350 7126
24360 7126
24370 7126
24380 7126
24390 7126
24400 7126
24410 7126
24420 7126
24430 7126
24440 7126
24450 7126
24460 7126
24470 7126
24480 7126
24490 7126
24500 7126
24510 7126
24520 7126
24530 7126
24540 7126
24550 7126
24560 7126
24570 7126
24580 7126
24590 7126
24600 7126
24610 7126
24620 7126
24630 7126
24640 7126
24650 7126
24660 7126
24670 7126
24680 7126
24690 7126
24700 7126
24710 7126
24720 7126
24730 7126
24740 7126
24750 7126
24760 7126
24770 7126
24780 7126
24790 7126
24800 7126
24810 7126
24820 7126
24830 7126
24840 7126
24850 7126
24860 7126
24870 7126
24880 7126
24890 7126
24900 7126
24910 7126
24920 7126
24930 7126
24940 7126
24950 7126
24960 7126
24970 7126
24980 7126
24990 7126
