0 636030407
10 636030407
20 631293717
30 631293717
40 631293717
50 631293717
60 631293717
70 631293717
80 631293717
90 631293717
100 631293717
110 631293717
120 631293717
130 631293717
140 631293717
150 631293717
160 631293717
170 631293717
180 631293717
190 631293717
200 631293717
210 631293717
220 631293717
230 631293717
240 631293717
250 631293717
260 628043755
270 628043755
280 627832417
290 627832417
300 627832417
310 627832417
320 627832417
330 627832417
340 627832417
350 627832417
360 627832417
370 627832417
380 627832417
390 627832417
400 627832417
410 627832417
420 627832417
430 627832417
440 627832417
450 627832417
460 627832417
470 627832417
480 627832417
490 627832417
500 627832417
510 627832417
520 627832417
530 627832417
540 627832417
550 627832417
560 627832417
570 627832417
580 627832417
590 627832417
600 627832417
610 627832417
620 627832417
630 627832417
640 627832417
650 627832417
660 627832417
670 627832417
680 627832417
690 627832417
700 627832417
710 627832417
720 627832417
730 627832417
740 627832417
750 627832417
760 627832417
770 627832417
780 627832417
790 627832417
800 627832417
810 627832417
820 627832417
830 627832417
840 627832417
850 627832417
860 627832417
870 627832417
880 627832417
890 627832417
900 627832417
910 627832417
920 627832417
930 627832417
940 627832417
950 627832417
960 627832417
970 627832417
980 627832417
990 627832417
1000 627832417
1010 627832417
1020 627832417
1030 627832417
1040 627832417
1050 627832417
1060 627832417
1070 627832417
1080 627832417
1090 627832417
1100 627832417
1110 627832417
1120 627832417
1130 625459166
1140 625459166
1150 625459166
1160 625459166
1170 625459166
1180 625459166
1190 625459166
1200 625459166
1210 625459166
1220 625459166
1230 625459166
1240 625459166
1250 625459166
1260 625459166
1270 625459166
1280 625459166
1290 625459166
1300 625459166
1310 625459166
1320 622914069
1330 622914069
1340 622914069
1350 622914069
1360 622914069
1370 622914069
1380 622914069
1390 622914069
1400 622914069
1410 622914069
1420 622914069
1430 622914069
1440 622914069
1450 622914069
1460 622914069
1470 622914069
1480 622914069
1490 622914069
1500 622914069
1510 622914069
1520 622914069
1530 622914069
1540 622914069
1550 622914069
1560 622914069
1570 622914069
1580 622914069
1590 622914069
1600 622914069
1610 622914069
1620 622914069
1630 622914069
1640 622914069
1650 622914069
1660 622914069
1670 622914069
1680 622914069
1690 622914069
1700 622914069
1710 622914069
1720 622914069
1730 614385432
1740 614385432
1750 614385432
1760 614385432
1770 614385432
1780 614385432
1790 614385432
1800 614385432
1810 614385432
1820 614385432
1830 614385432
1840 614385432
1850 614385432
1860 614385432
1870 614385432
1880 614385432
1890 614385432
1900 614385432
1910 614385432
1920 614385432
1930 614385432
1940 614385432
1950 614385432
1960 614385432
1970 614385432
1980 614385432
1990 614385432
2000 614385432
2010 614385432
2020 614385432
2030 614385432
2040 614385432
2050 614385432
2060 614385432
2070 614385432
2080 614385432
2090 614385432
2100 614385432
2110 614385432
2120 614385432
2130 614385432
2140 614385432
2150 614385432
2160 614385432
2170 614385432
2180 614385432
2190 614385432
2200 614385432
2210 614385432
2220 614385432
2230 614385432
2240 614385432
2250 614385432
2260 614385432
2270 614385432
2280 614385432
2290 614385432
2300 614385432
2310 614385432
2320 614385432
2330 614385432
2340 614385432
2350 614385432
2360 614385432
2370 614385432
2380 614385432
2390 614385432
2400 614385432
2410 614385432
2420 614385432
2430 614385432
2440 614385432
2450 614385432
2460 614385432
2470 614385432
2480 614385432
2490 614385432
2500 614385432
2510 614385432
2520 614385432
2530 614385432
2540 614385432
2550 614385432
2560 614385432
2570 614385432
2580 614385432
2590 614385432
2600 614385432
2610 614385432
2620 614385432
2630 614385432
2640 614385432
2650 614385432
2660 614385432
2670 614385432
2680 614385432
2690 614385432
2700 614385432
2710 614385432
2720 614385432
2730 614385432
2740 614385432
2750 614385432
2760 614385432
2770 614385432
2780 614385432
2790 614385432
2800 614385432
2810 614385432
2820 614385432
2830 614385432
2840 614385432
2850 614385432
2860 614385432
2870 614385432
2880 614385432
2890 614385432
2900 614385432
2910 614385432
2920 614385432
2930 614385432
2940 614385432
2950 614385432
2960 614385432
2970 614385432
2980 614385432
2990 614385432
3000 614385432
3010 614385432
3020 614385432
3030 614385432
3040 614385432
3050 614385432
3060 614385432
3070 614385432
3080 614385432
3090 614385432
3100 614385432
3110 614385432
3120 614385432
3130 614385432
3140 614385432
3150 614385432
3160 614385432
3170 614385432
3180 614385432
3190 614385432
3200 614385432
3210 614385432
3220 614385432
3230 614385432
3240 614385432
3250 614385432
3260 614385432
3270 614385432
3280 614385432
3290 614385432
3300 614385432
3310 614385432
3320 614385432
3330 614385432
3340 614385432
3350 614385432
3360 614385432
3370 614385432
3380 614385432
3390 614385432
3400 614385432
3410 614385432
3420 614385432
3430 614385432
3440 614385432
3450 614385432
3460 614385432
3470 614385432
3480 614385432
3490 614385432
3500 614385432
3510 614385432
3520 614385432
3530 614385432
3540 614385432
3550 614385432
3560 614385432
3570 614385432
3580 614385432
3590 614385432
3600 614385432
3610 614385432
3620 614385432
3630 614385432
3640 614385432
3650 614385432
3660 614385432
3670 614385432
3680 614385432
3690 614385432
3700 614385432
3710 614385432
3720 614385432
3730 614385432
3740 614385432
3750 614385432
3760 614385432
3770 614385432
3780 614385432
3790 614385432
3800 614385432
3810 614385432
3820 614385432
3830 614385432
3840 614385432
3850 614385432
3860 614385432
3870 614385432
3880 614385432
3890 614385432
3900 614385432
3910 614385432
3920 614385432
3930 614385432
3940 614385432
3950 614385432
3960 614385432
3970 614385432
3980 614385432
3990 614385432
4000 614385432
4010 614385432
4020 614385432
4030 614385432
4040 614385432
4050 614385432
4060 614385432
4070 614385432
4080 614385432
4090 614385432
4100 614385432
4110 614385432
4120 614385432
4130 614385432
4140 614385432
4150 614385432
4160 614385432
4170 614385432
4180 614385432
4190 614385432
4200 614385432
4210 614385432
4220 614385432
4230 614385432
4240 614385432
4250 614385432
4260 614385432
4270 614385432
4280 614385432
4290 614385432
4300 614385432
4310 614385432
4320 614385432
4330 614385432
4340 614385432
4350 614385432
4360 614385432
4370 614385432
4380 614385432
4390 614385432
4400 614385432
4410 614385432
4420 614385432
4430 614385432
4440 614385432
4450 614385432
4460 614385432
4470 614385432
4480 614385432
4490 614385432
4500 614385432
4510 614385432
4520 614385432
4530 614385432
4540 614385432
4550 614385432
4560 614385432
4570 614385432
4580 614385432
4590 614385432
4600 614385432
4610 614385432
4620 614385432
4630 614385432
4640 614385432
4650 614385432
4660 614385432
4670 614385432
4680 614385432
4690 614385432
4700 614385432
4710 614385432
4720 612676994
4730 612676994
4740 612676994
4750 612676994
4760 612676994
4770 612676994
4780 612676994
4790 612676994
4800 612676994
4810 612676994
4820 612676994
4830 612676994
4840 612676994
4850 612676994
4860 612676994
4870 612676994
4880 612676994
4890 612676994
4900 612676994
4910 612676994
4920 612676994
4930 612676994
4940 612676994
4950 612676994
4960 612676994
4970 612676994
4980 612676994
4990 612676994
5000 612676994
5010 612676994
5020 612676994
5030 612676994
5040 612676994
5050 612676994
5060 612676994
5070 612676994
5080 612676994
5090 612676994
5100 612676994
5110 612676994
5120 612676994
5130 612676994
5140 612676994
5150 612676994
5160 612676994
5170 612676994
5180 612676994
5190 612676994
5200 612676994
5210 612676994
5220 612676994
5230 612676994
5240 612676994
5250 612539889
5260 612539889
5270 612539889
5280 612539889
5290 612539889
5300 612539889
5310 612539889
5320 612539889
5330 612539889
5340 612539889
5350 612539889
5360 612539889
5370 612539889
5380 612539889
5390 612539889
5400 612539889
5410 612539889
5420 612539889
5430 612539889
5440 612539889
5450 612539889
5460 612539889
5470 612539889
5480 612539889
5490 612539889
5500 612539889
5510 612539889
5520 612539889
5530 612539889
5540 612539889
5550 612539889
5560 612539889
5570 612539889
5580 612539889
5590 612539889
5600 612539889
5610 612539889
5620 612539889
5630 612539889
5640 612539889
5650 612539889
5660 612539889
5670 612539889
5680 612539889
5690 612539889
5700 612539889
5710 612539889
5720 612539889
5730 612539889
5740 612539889
5750 612539889
5760 612539889
5770 612539889
5780 612539889
5790 612539889
5800 612539889
5810 612539889
5820 612539889
5830 612539889
5840 612539889
5850 612539889
5860 612539889
5870 612539889
5880 612539889
5890 612539889
5900 612539889
5910 612539889
5920 612539889
5930 612539889
5940 612539889
5950 612539889
5960 612539889
5970 612539889
5980 612539889
5990 612539889
6000 612539889
6010 612539889
6020 612539889
6030 612539889
6040 612539889
6050 612539889
6060 612539889
6070 612539889
6080 612539889
6090 612539889
6100 612539889
6110 612539889
6120 612539889
6130 612539889
6140 612539889
6150 612539889
6160 612539889
6170 612539889
6180 612539889
6190 612539889
6200 612539889
6210 612539889
6220 612539889
6230 612539889
6240 612539889
6250 612539889
6260 612539889
6270 612539889
6280 612539889
6290 612539889
6300 612539889
6310 612539889
6320 612539889
6330 612539889
6340 612539889
6350 612539889
6360 612539889
6370 612539889
6380 612539889
6390 612539889
6400 612539889
6410 612539889
6420 612539889
6430 612539889
6440 612539889
6450 612539889
6460 612539889
6470 612539889
6480 612539889
6490 612539889
6500 612539889
6510 612539889
6520 612539889
6530 612539889
6540 612539889
6550 612539889
6560 612539889
6570 612539889
6580 612539889
6590 612539889
6600 612539889
6610 612539889
6620 612539889
6630 612539889
6640 612539889
6650 612539889
6660 612539889
6670 612539889
6680 612539889
6690 612539889
6700 612539889
6710 612539889
6720 612539889
6730 612539889
6740 612539889
6750 612539889
6760 612539889
6770 612539889
6780 612539889
6790 612539889
6800 612539889
6810 612539889
6820 612539889
6830 612539889
6840 612539889
6850 612539889
6860 611351451
6870 611351451
6880 611351451
6890 611351451
6900 611351451
6910 611351451
6920 611351451
6930 611351451
6940 611351451
6950 611351451
6960 611351451
6970 611351451
6980 611351451
6990 611351451
7000 611351451
7010 611351451
7020 611351451
7030 611351451
7040 611351451
7050 611351451
7060 611351451
7070 611351451
7080 611351451
7090 611351451
7100 611351451
7110 611351451
7120 611351451
7130 611351451
7140 611351451
7150 611351451
7160 611351451
7170 611351451
7180 611351451
7190 611351451
7200 611351451
7210 611351451
7220 611351451
7230 611351451
7240 611351451
7250 611351451
7260 611351451
7270 611351451
7280 611351451
7290 611351451
7300 611351451
7310 611351451
7320 611351451
7330 611351451
7340 611351451
7350 611351451
7360 611351451
7370 611351451
7380 611351451
7390 611351451
7400 611351451
7410 611351451
7420 611351451
7430 611351451
7440 611351451
7450 611351451
7460 611351451
7470 611351451
7480 611351451
7490 611351451
7500 611351451
7510 611351451
7520 611351451
7530 611351451
7540 611351451
7550 611351451
7560 611351451
7570 611351451
7580 611351451
7590 611351451
7600 611351451
7610 611351451
7620 611351451
7630 611351451
7640 611351451
7650 611351451
7660 611351451
7670 611351451
7680 611351451
7690 611351451
7700 611351451
7710 611351451
7720 611351451
7730 611351451
7740 611351451
7750 611351451
7760 611351451
7770 611351451
7780 611351451
7790 611351451
7800 611351451
7810 611351451
7820 611351451
7830 611351451
7840 611351451
7850 611351451
7860 611351451
7870 611351451
7880 611351451
7890 611351451
7900 611351451
7910 611351451
7920 611351451
7930 611351451
7940 611351451
7950 611351451
7960 611351451
7970 611351451
7980 611351451
7990 611351451
8000 611351451
8010 611351451
8020 611351451
8030 611351451
8040 611351451
8050 611351451
8060 611351451
8070 611351451
8080 611351451
8090 611351451
8100 611351451
8110 611351451
8120 611351451
8130 611351451
8140 611351451
8150 611351451
8160 611351451
8170 611351451
8180 611351451
8190 611351451
8200 611351451
8210 611351451
8220 611351451
8230 611351451
8240 611351451
8250 611351451
8260 611351451
8270 611351451
8280 611351451
8290 611351451
8300 611351451
8310 611351451
8320 611351451
8330 611351451
8340 611351451
8350 611351451
8360 611351451
8370 611351451
8380 611351451
8390 611351451
8400 611351451
8410 611351451
8420 611351451
8430 611351451
8440 611351451
8450 611351451
8460 611351451
8470 611351451
8480 611351451
8490 611351451
8500 611351451
8510 611351451
8520 611351451
8530 611351451
8540 611351451
8550 611351451
8560 611351451
8570 611351451
8580 611351451
8590 611351451
8600 611351451
8610 611351451
8620 611351451
8630 611351451
8640 611351451
8650 611351451
8660 611351451
8670 611351451
8680 611351451
8690 611351451
8700 611351451
8710 611351451
8720 611351451
8730 611351451
8740 611351451
8750 611351451
8760 611351451
8770 611351451
8780 611351451
8790 611351451
8800 611351451
8810 611351451
8820 611351451
8830 611351451
8840 611351451
8850 611351451
8860 611351451
8870 611351451
8880 611351451
8890 611351451
8900 611351451
8910 611351451
8920 611351451
8930 611351451
8940 611351451
8950 611351451
8960 611351451
8970 611351451
8980 611351451
8990 611351451
9000 611351451
9010 611351451
9020 611351451
9030 611351451
9040 611351451
9050 611351451
9060 611351451
9070 611351451
9080 611351451
9090 611351451
9100 611351451
9110 611351451
9120 611351451
9130 611351451
9140 611351451
9150 611351451
9160 611351451
9170 611351451
9180 611351451
9190 611351451
9200 611351451
9210 611351451
9220 611351451
9230 611351451
9240 611351451
9250 611351451
9260 611351451
9270 611351451
9280 610891349
9290 610891349
9300 610891349
9310 610891349
9320 610891349
9330 610891349
9340 610891349
9350 610891349
9360 610891349
9370 610891349
9380 610891349
9390 610891349
9400 610891349
9410 610891349
9420 610891349
9430 610891349
9440 610891349
9450 610891349
9460 610891349
9470 610891349
9480 610891349
9490 610891349
9500 610891349
9510 610891349
9520 610891349
9530 610891349
9540 610891349
9550 610891349
9560 610891349
9570 610891349
9580 610891349
9590 610891349
9600 610891349
9610 610891349
9620 610891349
9630 610891349
9640 610891349
9650 610891349
9660 610891349
9670 610891349
9680 610891349
9690 610891349
9700 610891349
9710 610891349
9720 610891349
9730 610891349
9740 610891349
9750 610891349
9760 610891349
9770 610891349
9780 610891349
9790 610891349
9800 610891349
9810 610891349
9820 610891349
9830 610891349
9840 610891349
9850 610891349
9860 610891349
9870 610891349
9880 610891349
9890 610891349
9900 610891349
9910 610891349
9920 610891349
9930 610891349
9940 610891349
9950 610891349
9960 610891349
9970 610891349
9980 610891349
9990 610891349
10000 610891349
10010 610891349
10020 610891349
10030 610891349
10040 610891349
10050 610891349
10060 610891349
10070 610891349
10080 610891349
10090 610891349
10100 610891349
10110 610891349
10120 610891349
10130 610891349
10140 610891349
10150 610891349
10160 610891349
10170 610891349
10180 610891349
10190 610891349
10200 610891349
10210 610891349
10220 610891349
10230 610891349
10240 610891349
10250 610891349
10260 610891349
10270 610891349
10280 610891349
10290 610891349
10300 610891349
10310 610891349
10320 610891349
10330 610891349
10340 610891349
10350 610891349
10360 610891349
10370 610891349
10380 610891349
10390 610891349
10400 610891349
10410 610891349
10420 610891349
10430 610891349
10440 610891349
10450 610891349
10460 610891349
10470 610891349
10480 610891349
10490 610891349
10500 610891349
10510 610891349
10520 610891349
10530 610891349
10540 610891349
10550 610891349
10560 610891349
10570 610891349
10580 610891349
10590 610891349
10600 610891349
10610 610891349
10620 610891349
10630 610891349
10640 610891349
10650 610891349
10660 610891349
10670 610891349
10680 610891349
10690 610891349
10700 610891349
10710 609753020
10720 609753020
10730 609753020
10740 609753020
10750 609753020
10760 609753020
10770 609753020
10780 609753020
10790 609753020
10800 609753020
10810 609753020
10820 609753020
10830 609753020
10840 609753020
10850 609753020
10860 609753020
10870 609753020
10880 609753020
10890 609753020
10900 609753020
10910 609753020
10920 609753020
10930 609753020
10940 609753020
10950 609753020
10960 609753020
10970 609753020
10980 609753020
10990 609753020
11000 609753020
11010 609753020
11020 609753020
11030 609753020
11040 609753020
11050 609753020
11060 609753020
11070 609753020
11080 609753020
11090 609753020
11100 609753020
11110 609753020
11120 609753020
11130 609753020
11140 609753020
11150 609753020
11160 609753020
11170 609753020
11180 609753020
11190 609753020
11200 609753020
11210 609753020
11220 609753020
11230 609753020
11240 609753020
11250 609753020
11260 609753020
11270 609753020
11280 609753020
11290 609753020
11300 609753020
11310 609753020
11320 609753020
11330 609753020
11340 609753020
11350 609753020
11360 609753020
11370 609753020
11380 609753020
11390 609753020
11400 609753020
11410 609753020
11420 609753020
11430 609753020
11440 609753020
11450 609753020
11460 609753020
11470 609753020
11480 609753020
11490 609753020
11500 609753020
11510 609753020
11520 609753020
11530 609753020
11540 609753020
11550 609753020
11560 609753020
11570 609753020
11580 609753020
11590 609753020
11600 609753020
11610 609753020
11620 609753020
11630 609753020
11640 609753020
11650 609753020
11660 609753020
11670 609753020
11680 609753020
11690 609753020
11700 609753020
11710 609753020
11720 609753020
11730 609753020
11740 609753020
11750 609753020
11760 609753020
11770 609753020
11780 609753020
11790 609753020
11800 609753020
11810 609753020
11820 609753020
11830 609753020
11840 609753020
11850 609753020
11860 609753020
11870 609753020
11880 609753020
11890 609753020
11900 609753020
11910 609753020
11920 609753020
11930 609753020
11940 609753020
11950 609753020
11960 609753020
11970 609753020
11980 609753020
11990 609753020
12000 609753020
12010 609753020
12020 609753020
12030 609753020
12040 609753020
12050 609753020
12060 609753020
12070 609753020
12080 609753020
12090 609753020
12100 609753020
12110 609753020
12120 609753020
12130 609753020
12140 609753020
12150 609753020
12160 609753020
12170 609753020
12180 609753020
12190 609753020
12200 609753020
12210 609753020
12220 609753020
12230 609753020
12240 609753020
12250 609753020
12260 609753020
12270 609753020
12280 609753020
12290 608989266
12300 608989266
12310 608989266
12320 608989266
12330 608989266
12340 608989266
12350 608989266
12360 608989266
12370 608989266
12380 608989266
12390 608989266
12400 608989266
12410 608989266
12420 608989266
12430 608989266
12440 608989266
12450 608989266
12460 608989266
12470 608989266
12480 608989266
12490 608989266
12500 608989266
12510 608989266
12520 608989266
12530 608989266
12540 608989266
12550 608989266
12560 608989266
12570 608989266
12580 608989266
12590 608989266
12600 608989266
12610 608989266
12620 608989266
12630 608989266
12640 608989266
12650 608989266
12660 608989266
12670 608989266
12680 608989266
12690 608989266
12700 608989266
12710 608989266
12720 608989266
12730 608989266
12740 608989266
12750 608989266
12760 608989266
12770 608989266
12780 608989266
12790 608989266
12800 608989266
12810 608989266
12820 608989266
12830 608989266
12840 608989266
12850 608989266
12860 608989266
12870 608989266
12880 608989266
12890 608989266
12900 608989266
12910 608989266
12920 608989266
12930 608989266
12940 608989266
12950 608989266
12960 608989266
12970 608989266
12980 608989266
12990 608989266
13000 608989266
13010 608989266
13020 608989266
13030 608989266
13040 608989266
13050 608989266
13060 608989266
13070 608989266
13080 608989266
13090 608989266
13100 608989266
13110 608989266
13120 608989266
13130 608989266
13140 608989266
13150 608989266
13160 608989266
13170 608989266
13180 608989266
13190 608989266
13200 608989266
13210 608989266
13220 608989266
13230 608989266
13240 608989266
13250 608989266
13260 608989266
13270 608989266
13280 608989266
13290 608989266
13300 608989266
13310 608989266
13320 608989266
13330 608989266
13340 608989266
13350 608989266
13360 608989266
13370 608989266
13380 608989266
13390 608989266
13400 608989266
13410 608989266
13420 608989266
13430 608989266
13440 608989266
13450 608989266
13460 608989266
13470 608989266
13480 608989266
13490 608989266
13500 608989266
13510 608989266
13520 608989266
13530 608989266
13540 608989266
13550 608989266
13560 608989266
13570 608989266
13580 608989266
13590 608989266
13600 608989266
13610 608989266
13620 608989266
13630 608989266
13640 608989266
13650 608989266
13660 608989266
13670 608989266
13680 608989266
13690 608989266
13700 608989266
13710 608989266
13720 608989266
13730 608989266
13740 608989266
13750 608989266
13760 608989266
13770 608989266
13780 608989266
13790 608989266
13800 608989266
13810 608989266
13820 608989266
13830 608989266
13840 608989266
13850 608989266
13860 608989266
13870 608476727
13880 608476727
13890 608476727
13900 608476727
13910 608476727
13920 608476727
13930 608476727
13940 608476727
13950 608476727
13960 608476727
13970 608476727
13980 608476727
13990 608476727
14000 608476727
14010 608476727
14020 608476727
14030 608476727
14040 608476727
14050 608476727
14060 608476727
14070 608476727
14080 608476727
14090 608476727
14100 608476727
14110 608476727
14120 608476727
14130 608476727
14140 608476727
14150 608476727
14160 608476727
14170 608476727
14180 608476727
14190 608476727
14200 608476727
14210 608476727
14220 608476727
14230 608476727
14240 608476727
14250 608476727
14260 608476727
14270 608476727
14280 608476727
14290 608476727
14300 608476727
14310 608476727
14320 608476727
14330 608476727
14340 608476727
14350 608476727
14360 608476727
14370 608476727
14380 608476727
14390 608476727
14400 608476727
14410 608476727
14420 608476727
14430 608476727
14440 608476727
14450 608476727
14460 608476727
14470 608476727
14480 608476727
14490 608476727
14500 608476727
14510 608476727
14520 608476727
14530 608476727
14540 608476727
14550 608476727
14560 608476727
14570 608476727
14580 608476727
14590 608476727
14600 608476727
14610 608476727
14620 608476727
14630 608476727
14640 608476727
14650 608476727
14660 608476727
14670 608476727
14680 608476727
14690 608476727
14700 608476727
14710 608476727
14720 608476727
14730 608476727
14740 608476727
14750 608476727
14760 608476727
14770 608476727
14780 608476727
14790 608476727
14800 608476727
14810 608476727
14820 608476727
14830 608476727
14840 608476727
14850 608476727
14860 608476727
14870 608476727
14880 608476727
14890 608476727
14900 608476727
14910 608476727
14920 608476727
14930 608476727
14940 608476727
14950 608476727
14960 608476727
14970 608476727
14980 608476727
14990 608476727
15000 608476727
15010 608476727
15020 608476727
15030 608476727
15040 608476727
15050 608476727
15060 608476727
15070 608476727
15080 608476727
15090 608476727
15100 608476727
15110 608476727
15120 608476727
15130 608476727
15140 608476727
15150 608476727
15160 608476727
15170 608476727
15180 608476727
15190 608476727
15200 608476727
15210 608476727
15220 608476727
15230 608476727
15240 608476727
15250 608476727
15260 608476727
15270 608476727
15280 608476727
15290 608476727
15300 608476727
15310 608476727
15320 608476727
15330 608476727
15340 608476727
15350 608476727
15360 608476727
15370 608476727
15380 608476727
15390 608476727
15400 608476727
15410 608476727
15420 608476727
15430 608476727
15440 608476727
15450 608476727
15460 608476727
15470 608476727
15480 608476727
15490 608476727
15500 608476727
15510 608476727
15520 608476727
15530 608476727
15540 608476727
15550 608476727
15560 608476727
15570 608476727
15580 608476727
15590 608476727
15600 608476727
15610 608476727
15620 608476727
15630 608476727
15640 608476727
15650 608476727
15660 608476727
15670 608476727
15680 608476727
15690 608476727
15700 608476727
15710 608476727
15720 608476727
15730 608476727
15740 608476727
15750 608476727
15760 608476727
15770 608476727
15780 608476727
15790 608476727
15800 608476727
15810 608476727
15820 608476727
15830 608476727
15840 608476727
15850 608476727
15860 608476727
15870 608476727
15880 608476727
15890 608476727
15900 608476727
15910 608476727
15920 608476727
15930 608476727
15940 608476727
15950 608476727
15960 608476727
15970 608476727
15980 608476727
15990 608476727
16000 608476727
16010 608476727
16020 608476727
16030 608476727
16040 608476727
16050 608476727
16060 608476727
16070 608476727
16080 608476727
16090 608476727
16100 608476727
16110 608476727
16120 608476727
16130 608476727
16140 608476727
16150 608476727
16160 608476727
16170 608476727
16180 608476727
16190 608476727
16200 608476727
16210 608476727
16220 608476727
16230 608476727
16240 608476727
16250 608476727
16260 608476727
16270 608476727
16280 608476727
16290 608476727
16300 608476727
16310 608476727
16320 608476727
16330 608476727
16340 608476727
16350 608476727
16360 608476727
16370 608476727
16380 608476727
16390 608476727
16400 608476727
16410 608476727
16420 608476727
16430 608476727
16440 608476727
16450 608476727
16460 608476727
16470 608476727
16480 608476727
16490 608476727
16500 608476727
16510 608476727
16520 608476727
16530 608476727
16540 608476727
16550 608476727
16560 608476727
16570 608476727
16580 608476727
16590 608476727
16600 608476727
16610 608476727
16620 608476727
16630 608476727
16640 608476727
16650 608476727
16660 608476727
16670 608476727
16680 608476727
16690 608476727
16700 608476727
16710 608476727
16720 608476727
16730 608476727
16740 608476727
16750 608476727
16760 608476727
16770 608476727
16780 608476727
16790 608476727
16800 608476727
16810 608476727
16820 608476727
16830 608476727
16840 608476727
16850 608476727
16860 608476727
16870 608476727
16880 608476727
16890 608476727
16900 608476727
16910 608476727
16920 608476727
16930 608476727
16940 608476727
16950 608476727
16960 608476727
16970 608476727
16980 608476727
16990 608476727
17000 608476727
17010 608476727
17020 608476727
17030 608476727
17040 608476727
17050 608476727
17060 608476727
17070 608476727
17080 608476727
17090 608476727
17100 608476727
17110 608476727
17120 608476727
17130 608476727
17140 608476727
17150 608476727
17160 608476727
17170 608476727
17180 608476727
17190 608476727
17200 608476727
17210 608476727
17220 608476727
17230 608476727
17240 608476727
17250 608476727
17260 608476727
17270 608476727
17280 608476727
17290 608476727
17300 608476727
17310 608476727
17320 608476727
17330 607019896
17340 607019896
17350 607019896
17360 607019896
17370 607019896
17380 607019896
17390 607019896
17400 607019896
17410 607019896
17420 607019896
17430 607019896
17440 607019896
17450 607019896
17460 607019896
17470 607019896
17480 607019896
17490 607019896
17500 607019896
17510 607019896
17520 607019896
17530 607019896
17540 607019896
17550 607019896
17560 607019896
17570 607019896
17580 607019896
17590 607019896
17600 607019896
17610 607019896
17620 607019896
17630 607019896
17640 607019896
17650 607019896
17660 607019896
17670 607019896
17680 607019896
17690 607019896
17700 607019896
17710 607019896
17720 607019896
17730 607019896
17740 607019896
17750 607019896
17760 607019896
17770 607019896
17780 607019896
17790 607019896
17800 607019896
17810 607019896
17820 607019896
17830 607019896
17840 607019896
17850 607019896
17860 607019896
17870 607019896
17880 607019896
17890 607019896
17900 607019896
17910 607019896
17920 607019896
17930 607019896
17940 607019896
17950 607019896
17960 607019896
17970 607019896
17980 607019896
17990 607019896
18000 607019896
18010 607019896
18020 606499058
18030 606499058
18040 606499058
18050 606499058
18060 606499058
18070 606499058
18080 606499058
18090 606499058
18100 606499058
18110 606499058
18120 606499058
18130 606499058
18140 606499058
18150 606499058
18160 606499058
18170 606499058
18180 606499058
18190 606499058
18200 606499058
18210 606499058
18220 606499058
18230 606499058
18240 606499058
18250 606499058
18260 606499058
18270 606499058
18280 606499058
18290 606499058
18300 606499058
18310 606499058
18320 606499058
18330 606499058
18340 606499058
18350 606499058
18360 606499058
18370 606499058
18380 606499058
18390 606499058
18400 606499058
18410 606499058
18420 606499058
18430 606499058
18440 606499058
18450 606499058
18460 606499058
18470 606499058
18480 606499058
18490 606499058
18500 606499058
18510 606499058
18520 606499058
18530 606499058
18540 606499058
18550 606499058
18560 606499058
18570 606499058
18580 606499058
18590 606499058
18600 606499058
18610 606499058
18620 606499058
18630 606499058
18640 606499058
18650 606499058
18660 606499058
18670 606499058
18680 606499058
18690 606499058
18700 606499058
18710 606499058
18720 606499058
18730 606499058
18740 606499058
18750 606499058
18760 606499058
18770 606499058
18780 606499058
18790 606499058
18800 606499058
18810 606499058
18820 606499058
18830 606499058
18840 606499058
18850 606499058
18860 606499058
18870 606499058
18880 606499058
18890 606499058
18900 606499058
18910 606499058
18920 606499058
18930 606499058
18940 606499058
18950 606499058
18960 606499058
18970 606499058
18980 606499058
18990 606499058
19000 606499058
19010 606499058
19020 606499058
19030 606499058
19040 606499058
19050 606499058
19060 606499058
19070 605283722
19080 605283722
19090 605283722
19100 605283722
19110 605283722
19120 605283722
19130 605283722
19140 605283722
19150 605283722
19160 605283722
19170 605283722
19180 605283722
19190 605283722
19200 605283722
19210 605283722
19220 605283722
19230 605283722
19240 605283722
19250 605283722
19260 605283722
19270 605283722
19280 605283722
19290 605283722
19300 605283722
19310 605283722
19320 605283722
19330 605283722
19340 605283722
19350 605283722
19360 605283722
19370 605283722
19380 605283722
19390 605283722
19400 605283722
19410 605283722
19420 605283722
19430 605283722
19440 605283722
19450 605283722
19460 605283722
19470 605283722
19480 605283722
19490 605283722
19500 605283722
19510 605283722
19520 605283722
19530 605283722
19540 605283722
19550 605283722
19560 605283722
19570 605283722
19580 605283722
19590 605283722
19600 605283722
19610 605283722
19620 605283722
19630 605283722
19640 605283722
19650 605283722
19660 605283722
19670 605283722
19680 605283722
19690 605283722
19700 605283722
19710 605283722
19720 605283722
19730 605283722
19740 605283722
19750 605283722
19760 605283722
19770 605283722
19780 605283722
19790 605283722
19800 605283722
19810 605283722
19820 605283722
19830 605283722
19840 605283722
19850 605283722
19860 605283722
19870 605283722
19880 605283722
19890 605283722
19900 605283722
19910 605283722
19920 605283722
19930 605283722
19940 605283722
19950 605283722
19960 605283722
19970 605283722
19980 605283722
19990 605283722
20000 605283722
20010 605283722
20020 605283722
20030 605283722
20040 605283722
20050 605283722
20060 605283722
20070 605283722
20080 605283722
20090 605283722
20100 605283722
20110 605283722
20120 605283722
20130 605283722
20140 605283722
20150 605283722
20160 605283722
20170 605283722
20180 605283722
20190 605283722
20200 605283722
20210 605283722
20220 605283722
20230 605283722
20240 605283722
20250 605283722
20260 605283722
20270 605283722
20280 605283722
20290 605283722
20300 605283722
20310 605283722
20320 605283722
20330 605283722
20340 605283722
20350 605283722
20360 605283722
20370 605283722
20380 605283722
20390 605283722
20400 605283722
20410 605283722
20420 605283722
20430 605283722
20440 605283722
20450 605283722
20460 605283722
20470 605283722
20480 604787441
20490 604787441
20500 604787441
20510 604787441
20520 604787441
20530 604787441
20540 604787441
20550 604787441
20560 604787441
20570 604787441
20580 604787441
20590 604787441
20600 604787441
20610 604787441
20620 604787441
20630 604787441
20640 604787441
20650 604787441
20660 604787441
20670 604787441
20680 604787441
20690 604787441
20700 604787441
20710 604787441
20720 604787441
20730 604787441
20740 604787441
20750 604787441
20760 604787441
20770 604787441
20780 604787441
20790 604787441
20800 604787441
20810 604787441
20820 604787441
20830 604787441
20840 604787441
20850 604787441
20860 604787441
20870 604787441
20880 604787441
20890 604787441
20900 604787441
20910 604787441
20920 604787441
20930 604787441
20940 604787441
20950 604787441
20960 604787441
20970 604787441
20980 604787441
20990 604787441
21000 604787441
21010 604787441
21020 604787441
21030 604787441
21040 604787441
21050 604787441
21060 604787441
21070 604787441
21080 604787441
21090 604787441
21100 604787441
21110 604787441
21120 604787441
21130 604787441
21140 604787441
21150 604787441
21160 604787441
21170 604787441
21180 604787441
21190 604787441
21200 604787441
21210 604787441
21220 604787441
21230 604787441
21240 604787441
21250 604787441
21260 604787441
21270 604787441
21280 604787441
21290 604787441
21300 604787441
21310 604787441
21320 604787441
21330 604787441
21340 604787441
21350 604787441
21360 604787441
21370 604787441
21380 604787441
21390 604787441
21400 604787441
21410 604787441
21420 604787441
21430 604787441
21440 604787441
21450 604787441
21460 604787441
21470 604787441
21480 604787441
21490 604787441
21500 604787441
21510 604787441
21520 604787441
21530 604787441
21540 604787441
21550 604787441
21560 604787441
21570 604787441
21580 604787441
21590 604787441
21600 604787441
21610 604787441
21620 604787441
21630 604787441
21640 604787441
21650 604787441
21660 604787441
21670 604787441
21680 604787441
21690 604787441
21700 604787441
21710 604787441
21720 604787441
21730 604787441
21740 604787441
21750 604787441
21760 604787441
21770 604787441
21780 604787441
21790 604787441
21800 604787441
21810 604787441
21820 604787441
21830 604787441
21840 604787441
21850 604787441
21860 604787441
21870 604787441
21880 604787441
21890 604787441
21900 604787441
21910 604787441
21920 604787441
21930 604787441
21940 604787441
21950 604787441
21960 604787441
21970 604787441
21980 604787441
21990 604787441
22000 604787441
22010 604787441
22020 604787441
22030 604787441
22040 604787441
22050 604787441
22060 604787441
22070 604787441
22080 604787441
22090 604787441
22100 604787441
22110 604787441
22120 604787441
22130 604787441
22140 604787441
22150 604787441
22160 604787441
22170 604787441
22180 604787441
22190 604787441
22200 604787441
22210 604787441
22220 604787441
22230 604787441
22240 604787441
22250 604787441
22260 604787441
22270 604787441
22280 604787441
22290 604787441
22300 604787441
22310 604787441
22320 604787441
22330 604787441
22340 604787441
22350 604787441
22360 604787441
22370 604787441
22380 604787441
22390 604787441
22400 604787441
22410 604787441
22420 604787441
22430 604787441
22440 604787441
22450 604787441
22460 604787441
22470 604787441
22480 604787441
22490 604787441
22500 604787441
22510 604787441
22520 604787441
22530 604787441
22540 604787441
22550 604787441
22560 604787441
22570 604787441
22580 604787441
22590 604787441
22600 604787441
22610 604787441
22620 604787441
22630 604787441
22640 604787441
22650 604787441
22660 604787441
22670 604787441
22680 604787441
22690 604787441
22700 604787441
22710 604787441
22720 604787441
22730 604787441
22740 604787441
22750 604787441
22760 604787441
22770 604787441
22780 604787441
22790 604787441
22800 604787441
22810 604787441
22820 604787441
22830 604787441
22840 604787441
22850 604787441
22860 604787441
22870 604787441
22880 604787441
22890 604787441
22900 604787441
22910 604787441
22920 604787441
22930 604787441
22940 604787441
22950 604787441
22960 604787441
22970 604787441
22980 604787441
22990 604787441
23000 604787441
23010 604787441
23020 604787441
23030 604787441
23040 604787441
23050 604787441
23060 604787441
23070 604787441
23080 604787441
23090 604787441
23100 604787441
23110 604787441
23120 604787441
23130 604787441
23140 604787441
23150 604787441
23160 604787441
23170 604787441
23180 604787441
23190 604787441
23200 604787441
23210 604787441
23220 604787441
23230 604787441
23240 604787441
23250 604787441
23260 604787441
23270 604787441
23280 604787441
23290 604787441
23300 604787441
23310 604787441
23320 604787441
23330 604787441
23340 604787441
23350 604787441
23360 604787441
23370 604787441
23380 604787441
23390 604787441
23400 604787441
23410 604787441
23420 604787441
23430 604787441
23440 604787441
23450 604787441
23460 604787441
23470 604787441
23480 604787441
23490 604787441
23500 604787441
23510 604787441
23520 604787441
23530 604787441
23540 604787441
23550 604787441
23560 604787441
23570 604787441
23580 604787441
23590 604787441
23600 604787441
23610 604787441
23620 604787441
23630 604787441
23640 604787441
23650 604787441
23660 604787441
23670 604787441
23680 604787441
23690 604787441
23700 604787441
23710 604787441
23720 604787441
23730 604787441
23740 604787441
23750 604787441
23760 604787441
23770 604787441
23780 604787441
23790 604787441
23800 604787441
23810 604787441
23820 604787441
23830 604787441
23840 604787441
23850 604787441
23860 604787441
23870 604787441
23880 604787441
23890 604787441
23900 604787441
23910 604787441
23920 604787441
23930 604787441
23940 604787441
23950 604787441
23960 604787441
23970 604787441
23980 604787441
23990 604787441
24000 604787441
24010 604787441
24020 604787441
24030 604787441
24040 604787441
24050 604787441
24060 604787441
24070 604787441
24080 604787441
24090 604787441
24100 604787441
24110 604787441
24120 604787441
24130 604787441
24140 604787441
24150 604787441
24160 604787441
24170 604787441
24180 604787441
24190 604787441
24200 604787441
24210 604787441
24220 604787441
24230 604787441
24240 604787441
24250 604787441
24260 604787441
24270 604787441
24280 604787441
24290 604787441
24300 604787441
24310 604787441
24320 604787441
24330 604787441
24340 604787441
24350 604787441
24360 604787441
24370 604787441
24380 604787441
24390 604787441
24400 604787441
24410 604787441
24420 604787441
24430 604787441
24440 604787441
24450 604787441
24460 604787441
24470 604787441
24480 604787441
24490 604787441
24500 604787441
24510 604787441
24520 604787441
24530 604787441
24540 604787441
24550 604787441
24560 604787441
24570 604787441
24580 604787441
24590 604787441
24600 604787441
24610 604787441
24620 604787441
24630 604787441
24640 604787441
24650 604787441
24660 604787441
24670 604787441
24680 604787441
24690 604787441
24700 604787441
24710 604787441
24720 604787441
24730 604787441
24740 604787441
24750 604787441
24760 604787441
24770 604787441
24780 604787441
24790 604787441
24800 604787441
24810 604787441
24820 604787441
24830 604787441
24840 604787441
24850 604787441
24860 604787441
24870 604787441
24880 604787441
24890 604787441
24900 604787441
24910 604787441
24920 604787441
24930 604787441
24940 604787441
24950 604787441
24960 604787441
24970 604787441
24980 604787441
24990 604787441
