0 11206
10 10494
20 10494
30 9858
40 9858
50 9858
60 9090
70 9090
80 9090
90 8056
100 8056
110 8056
120 8056
130 8056
140 8056
150 8056
160 8056
170 8056
180 8056
190 8042
200 8042
210 7680
220 7680
230 7680
240 7680
250 7680
260 7680
270 7680
280 7544
290 7514
300 7514
310 7462
320 7462
330 7462
340 7462
350 7462
360 7452
370 7452
380 7452
390 7452
400 7422
410 7330
420 7330
430 7330
440 7330
450 7330
460 7330
470 7330
480 7330
490 7330
500 7330
510 7330
520 7330
530 7330
540 7330
550 7330
560 7316
570 7316
580 7316
590 7316
600 7316
610 7316
620 7316
630 7316
640 7316
650 7316
660 7316
670 7316
680 7316
690 7316
700 7316
710 7316
720 7316
730 7316
740 7316
750 7316
760 7316
770 7316
780 7316
790 7316
800 7316
810 7316
820 7316
830 7316
840 7316
850 7316
860 7316
870 7316
880 7316
890 7316
900 7316
910 7316
920 7316
930 7316
940 7316
950 7316
960 7316
970 7286
980 7286
990 7286
1000 7286
1010 7286
1020 7286
1030 7286
1040 7286
1050 7286
1060 7286
1070 7286
1080 7268
1090 7268
1100 7268
1110 7258
1120 7258
1130 7258
1140 7258
1150 7258
1160 7258
1170 7240
1180 7240
1190 7240
1200 7224
1210 7224
1220 7224
1230 7224
1240 7224
1250 7224
1260 7224
1270 7204
1280 7204
1290 7188
1300 7188
1310 7188
1320 7188
1330 7188
1340 7188
1350 7188
1360 7120
1370 7120
1380 7120
1390 7120
1400 7120
1410 7120
1420 7120
1430 7120
1440 7120
1450 7120
1460 7120
1470 7120
1480 7120
1490 7120
1500 7120
1510 7120
1520 7120
1530 7120
1540 7120
1550 7108
1560 7108
1570 7108
1580 7108
1590 7108
1600 7108
1610 7108
1620 7108
1630 7108
1640 7108
1650 7108
1660 7108
1670 7108
1680 7108
1690 7108
1700 7108
1710 7108
1720 7108
1730 7082
1740 7082
1750 7082
1760 7082
1770 7082
1780 7082
1790 7082
1800 7082
1810 7082
1820 7082
1830 7082
1840 7082
1850 7082
1860 7082
1870 7082
1880 7082
1890 7082
1900 7082
1910 7082
1920 7082
1930 7082
1940 7082
1950 7082
1960 7082
1970 7082
1980 7082
1990 7082
2000 7082
2010 7082
2020 7082
2030 7082
2040 7082
2050 7082
2060 7082
2070 7082
2080 7082
2090 7082
2100 7082
2110 7082
2120 7082
2130 7082
2140 7082
2150 7072
2160 7072
2170 7072
2180 7072
2190 7072
2200 7072
2210 7072
2220 7072
2230 7072
2240 7072
2250 7072
2260 7072
2270 7072
2280 7072
2290 7072
2300 7072
2310 7072
2320 7072
2330 7072
2340 7072
2350 7072
2360 7072
2370 7072
2380 7072
2390 7072
2400 7072
2410 7072
2420 7072
2430 7072
2440 7072
2450 7072
2460 7072
2470 7072
2480 7072
2490 7072
2500 7072
2510 7072
2520 7072
2530 7072
2540 7072
2550 7072
2560 7072
2570 7072
2580 7072
2590 7072
2600 7072
2610 7072
2620 7072
2630 7072
2640 7072
2650 7072
2660 7072
2670 7072
2680 7072
2690 7072
2700 7072
2710 7072
2720 7072
2730 7072
2740 7072
2750 7072
2760 7072
2770 7072
2780 7072
2790 7072
2800 7072
2810 7072
2820 7072
2830 7072
2840 7072
2850 7072
2860 7072
2870 7072
2880 7072
2890 7072
2900 7072
2910 7072
2920 7072
2930 7072
2940 7072
2950 7072
2960 7072
2970 7072
2980 7072
2990 7072
3000 7072
3010 7072
3020 7072
3030 7072
3040 7072
3050 7072
3060 7072
3070 7072
3080 7072
3090 7072
3100 7072
3110 7072
3120 7072
3130 7072
3140 7072
3150 7072
3160 7072
3170 7072
3180 7072
3190 7072
3200 7072
3210 7072
3220 7072
3230 7072
3240 7072
3250 7072
3260 7072
3270 7072
3280 7072
3290 7072
3300 7072
3310 7072
3320 7072
3330 7072
3340 7072
3350 7072
3360 7072
3370 7072
3380 7072
3390 7072
3400 7072
3410 7072
3420 7072
3430 7072
3440 7072
3450 7072
3460 7072
3470 7072
3480 7072
3490 7072
3500 7072
3510 7072
3520 7072
3530 7072
3540 7072
3550 7072
3560 7072
3570 7072
3580 7072
3590 7072
3600 7072
3610 7072
3620 7072
3630 7072
3640 7072
3650 7072
3660 7072
3670 7072
3680 7072
3690 7072
3700 7072
3710 7072
3720 7072
3730 7072
3740 7072
3750 7072
3760 7072
3770 7072
3780 7072
3790 7072
3800 7072
3810 7072
3820 7072
3830 7072
3840 7072
3850 7072
3860 7072
3870 7072
3880 7072
3890 7072
3900 7072
3910 7072
3920 7072
3930 7072
3940 7072
3950 7072
3960 7072
3970 7072
3980 7072
3990 7072
4000 7072
4010 7072
4020 7072
4030 7072
4040 7072
4050 7072
4060 7072
4070 7072
4080 7072
4090 7072
4100 7072
4110 7072
4120 7072
4130 7072
4140 7072
4150 7072
4160 7072
4170 7072
4180 7072
4190 7072
4200 7072
4210 7072
4220 7072
4230 7072
4240 7072
4250 7072
4260 7072
4270 7072
4280 7072
4290 7072
4300 7072
4310 7072
4320 7072
4330 7072
4340 7072
4350 7072
4360 7072
4370 7072
4380 7072
4390 7072
4400 7072
4410 7072
4420 7072
4430 7072
4440 7072
4450 7072
4460 7072
4470 7072
4480 7072
4490 7072
4500 7072
4510 7072
4520 7072
4530 7072
4540 7072
4550 7072
4560 7072
4570 7072
4580 7072
4590 7072
4600 7072
4610 7072
4620 7072
4630 7072
4640 7072
4650 7072
4660 7072
4670 7072
4680 7072
4690 7072
4700 7072
4710 7072
4720 7072
4730 7072
4740 7072
4750 7072
4760 7072
4770 7072
4780 7072
4790 7072
4800 7072
4810 7072
4820 7072
4830 7072
4840 7072
4850 7072
4860 7072
4870 7072
4880 7072
4890 7072
4900 7072
4910 7072
4920 7072
4930 7072
4940 7072
4950 7072
4960 7072
4970 7072
4980 7072
4990 7072
5000 7072
5010 7072
5020 7072
5030 7072
5040 7072
5050 7072
5060 7072
5070 7072
5080 7072
5090 7072
5100 7072
5110 7072
5120 7072
5130 7072
5140 7072
5150 7072
5160 7072
5170 7072
5180 7072
5190 7072
5200 7072
5210 7072
5220 7072
5230 7072
5240 7072
5250 7072
5260 7072
5270 7072
5280 7072
5290 7072
5300 7072
5310 7072
5320 7072
5330 7072
5340 7072
5350 7072
5360 7072
5370 7072
5380 7072
5390 7072
5400 7072
5410 7072
5420 7072
5430 7072
5440 7072
5450 7072
5460 7072
5470 7072
5480 7072
5490 7072
5500 7072
5510 7072
5520 7072
5530 7072
5540 7072
5550 7072
5560 7072
5570 7072
5580 7072
5590 7072
5600 7072
5610 7072
5620 7072
5630 7072
5640 7072
5650 7072
5660 7072
5670 7072
5680 7072
5690 7072
5700 7072
5710 7072
5720 7072
5730 7072
5740 7072
5750 7072
5760 7072
5770 7072
5780 7072
5790 7072
5800 7072
5810 7072
5820 7072
5830 7072
5840 7072
5850 7072
5860 7072
5870 7072
5880 7072
5890 7072
5900 7072
5910 7072
5920 7072
5930 7072
5940 7072
5950 7072
5960 7072
5970 7072
5980 7072
5990 7072
6000 7072
6010 7072
6020 7072
6030 7072
6040 7072
6050 7072
6060 7072
6070 7072
6080 7072
6090 7072
6100 7072
6110 7072
6120 7072
6130 7072
6140 7072
6150 7072
6160 7072
6170 7072
6180 7072
6190 7072
6200 7072
6210 7072
6220 7072
6230 7072
6240 7072
6250 7072
6260 7072
6270 7072
6280 7072
6290 7072
6300 7072
6310 7072
6320 7072
6330 7072
6340 7072
6350 7072
6360 7072
6370 7072
6380 7072
6390 7072
6400 7072
6410 7072
6420 7072
6430 7072
6440 7072
6450 7072
6460 7072
6470 7072
6480 7072
6490 7072
6500 7072
6510 7072
6520 7072
6530 7072
6540 7072
6550 7072
6560 7072
6570 7072
6580 7072
6590 7072
6600 7072
6610 7072
6620 7072
6630 7072
6640 7072
6650 7072
6660 7072
6670 7072
6680 7072
6690 7072
6700 7072
6710 7072
6720 7072
6730 7072
6740 7072
6750 7072
6760 7072
6770 7072
6780 7072
6790 7072
6800 7072
6810 7072
6820 7072
6830 7072
6840 7072
6850 7072
6860 7072
6870 7072
6880 7072
6890 7072
6900 7072
6910 7072
6920 7072
6930 7072
6940 7072
6950 7072
6960 7072
6970 7072
6980 7072
6990 7072
7000 7072
7010 7072
7020 7072
7030 7072
7040 7072
7050 7072
7060 7072
7070 7072
7080 7072
7090 7072
7100 7072
7110 7072
7120 7072
7130 7072
7140 7072
7150 7072
7160 7072
7170 7072
7180 7072
7190 7072
7200 7072
7210 7072
7220 7072
7230 7072
7240 7072
7250 7072
7260 7072
7270 7072
7280 7072
7290 7072
7300 7072
7310 7072
7320 7072
7330 7072
7340 7072
7350 7072
7360 7072
7370 7072
7380 7072
7390 7072
7400 7072
7410 7072
7420 7072
7430 7072
7440 7072
7450 7072
7460 7072
7470 7072
7480 7072
7490 7072
7500 7072
7510 7072
7520 7072
7530 7072
7540 7072
7550 7072
7560 7072
7570 7072
7580 7072
7590 7072
7600 7072
7610 7072
7620 7072
7630 7072
7640 7072
7650 7072
7660 7072
7670 7072
7680 7072
7690 7072
7700 7072
7710 7072
7720 7072
7730 7072
7740 7072
7750 7072
7760 7072
7770 7072
7780 7072
7790 7072
7800 7072
7810 7072
7820 7072
7830 7072
7840 7072
7850 7072
7860 7072
7870 7072
7880 7072
7890 7072
7900 7072
7910 7072
7920 7072
7930 7072
7940 7072
7950 7072
7960 7072
7970 7072
7980 7072
7990 7072
8000 7072
8010 7072
8020 7072
8030 7072
8040 7072
8050 7072
8060 7072
8070 7072
8080 7072
8090 7072
8100 7072
8110 7072
8120 7072
8130 7072
8140 7072
8150 7072
8160 7072
8170 7072
8180 7072
8190 7072
8200 7072
8210 7072
8220 7072
8230 7072
8240 7072
8250 7072
8260 7072
8270 7072
8280 7072
8290 7072
8300 7072
8310 7072
8320 7072
8330 7072
8340 7072
8350 7072
8360 7072
8370 7072
8380 7072
8390 7072
8400 7072
8410 7072
8420 7072
8430 7072
8440 7072
8450 7072
8460 7072
8470 7072
8480 7072
8490 7072
8500 7072
8510 7072
8520 7072
8530 7072
8540 7072
8550 7072
8560 7072
8570 7072
8580 7072
8590 7072
8600 7072
8610 7072
8620 7072
8630 7072
8640 7072
8650 7072
8660 7072
8670 7072
8680 7072
8690 7072
8700 7072
8710 7072
8720 7072
8730 7072
8740 7072
8750 7072
8760 7072
8770 7072
8780 7072
8790 7072
8800 7072
8810 7072
8820 7072
8830 7072
8840 7072
8850 7072
8860 7072
8870 7072
8880 7072
8890 7072
8900 7072
8910 7072
8920 7072
8930 7072
8940 7072
8950 7072
8960 7072
8970 7072
8980 7072
8990 7072
9000 7072
9010 7072
9020 7072
9030 7072
9040 7072
9050 7072
9060 7072
9070 7072
9080 7072
9090 7072
9100 7072
9110 7072
9120 7072
9130 7072
9140 7072
9150 7072
9160 7072
9170 7072
9180 7072
9190 7072
9200 7072
9210 7072
9220 7072
9230 7072
9240 7072
9250 7072
9260 7072
9270 7072
9280 7072
9290 7072
9300 7072
9310 7072
9320 7072
9330 7072
9340 7072
9350 7072
9360 7072
9370 7072
9380 7072
9390 7072
9400 7072
9410 7072
9420 7072
9430 7072
9440 7072
9450 7072
9460 7072
9470 7072
9480 7072
9490 7072
9500 7072
9510 7072
9520 7072
9530 7072
9540 7072
9550 7072
9560 7072
9570 7072
9580 7072
9590 7072
9600 7072
9610 7072
9620 7072
9630 7072
9640 7072
9650 7072
9660 7072
9670 7072
9680 7072
9690 7072
9700 7072
9710 7072
9720 7072
9730 7072
9740 7072
9750 7072
9760 7072
9770 7072
9780 7072
9790 7072
9800 7072
9810 7072
9820 7072
9830 7072
9840 7072
9850 7072
9860 7072
9870 7072
9880 7072
9890 7072
9900 7072
9910 7072
9920 7072
9930 7072
9940 7072
9950 7072
9960 7072
9970 7072
9980 7072
9990 7072
10000 7072
10010 7072
10020 7072
10030 7072
10040 7072
10050 7072
10060 7072
10070 7072
10080 7072
10090 7072
10100 7072
10110 7072
10120 7072
10130 7072
10140 7072
10150 7072
10160 7072
10170 7072
10180 7072
10190 7072
10200 7072
10210 7072
10220 7072
10230 7072
10240 7072
10250 7072
10260 7072
10270 7072
10280 7072
10290 7072
10300 7072
10310 7072
10320 7072
10330 7072
10340 7072
10350 7072
10360 7072
10370 7072
10380 7072
10390 7072
10400 7072
10410 7072
10420 7072
10430 7072
10440 7072
10450 7072
10460 7072
10470 7072
10480 7072
10490 7072
10500 7072
10510 7072
10520 7072
10530 7072
10540 7072
10550 7072
10560 7072
10570 7072
10580 7072
10590 7072
10600 7072
10610 7072
10620 7072
10630 7072
10640 7072
10650 7072
10660 7072
10670 7072
10680 7072
10690 7072
10700 7072
10710 7072
10720 7072
10730 7072
10740 7072
10750 7072
10760 7072
10770 7072
10780 7072
10790 7072
10800 7072
10810 7072
10820 7072
10830 7072
10840 7072
10850 7072
10860 7072
10870 7072
10880 7072
10890 7072
10900 7072
10910 7072
10920 7072
10930 7072
10940 7072
10950 7072
10960 7072
10970 7072
10980 7072
10990 7072
11000 7072
11010 7072
11020 7072
11030 7072
11040 7072
11050 7072
11060 7072
11070 7072
11080 7072
11090 7072
11100 7072
11110 7072
11120 7072
11130 7072
11140 7072
11150 7072
11160 7072
11170 7072
11180 7072
11190 7072
11200 7072
11210 7072
11220 7072
11230 7072
11240 7072
11250 7072
11260 7072
11270 7072
11280 7072
11290 7072
11300 7072
11310 7072
11320 7072
11330 7072
11340 7072
11350 7072
11360 7072
11370 7072
11380 7072
11390 7072
11400 7072
11410 7072
11420 7072
11430 7072
11440 7072
11450 7072
11460 7072
11470 7072
11480 7072
11490 7072
11500 7072
11510 7072
11520 7072
11530 7072
11540 7072
11550 7072
11560 7072
11570 7072
11580 7072
11590 7072
11600 7072
11610 7072
11620 7072
11630 7072
11640 7072
11650 7072
11660 7072
11670 7072
11680 7072
11690 7072
11700 7072
11710 7072
11720 7072
11730 7072
11740 7072
11750 7072
11760 7072
11770 7072
11780 7072
11790 7072
11800 7072
11810 7072
11820 7072
11830 7072
11840 7072
11850 7072
11860 7072
11870 7072
11880 7072
11890 7072
11900 7072
11910 7072
11920 7072
11930 7072
11940 7072
11950 7072
11960 7072
11970 7072
11980 7072
11990 7072
12000 7072
12010 7072
12020 7072
12030 7072
12040 7072
12050 7072
12060 7072
12070 7072
12080 7072
12090 7072
12100 7072
12110 7072
12120 7072
12130 7072
12140 7072
12150 7072
12160 7072
12170 7072
12180 7072
12190 7072
12200 7072
12210 7072
12220 7072
12230 7072
12240 7072
12250 7072
12260 7072
12270 7072
12280 7072
12290 7072
12300 7072
12310 7072
12320 7072
12330 7072
12340 7072
12350 7072
12360 7072
12370 7072
12380 7072
12390 7072
12400 7072
12410 7072
12420 7072
12430 7072
12440 7072
12450 7072
12460 7072
12470 7072
12480 7072
12490 7072
12500 7072
12510 7072
12520 7072
12530 7072
12540 7072
12550 7072
12560 7072
12570 7072
12580 7072
12590 7072
12600 7072
12610 7072
12620 7072
12630 7072
12640 7072
12650 7072
12660 7072
12670 7072
12680 7072
12690 7072
12700 7072
12710 7072
12720 7072
12730 7072
12740 7072
12750 7072
12760 7072
12770 7072
12780 7072
12790 7072
12800 7072
12810 7072
12820 7072
12830 7072
12840 7072
12850 7072
12860 7072
12870 7072
12880 7072
12890 7072
12900 7072
12910 7072
12920 7072
12930 7072
12940 7072
12950 7072
12960 7072
12970 7072
12980 7072
12990 7072
13000 7072
13010 7072
13020 7072
13030 7072
13040 7072
13050 7072
13060 7072
13070 7072
13080 7072
13090 7072
13100 7072
13110 7072
13120 7072
13130 7072
13140 7072
13150 7072
13160 7072
13170 7072
13180 7072
13190 7072
13200 7072
13210 7072
13220 7072
13230 7072
13240 7072
13250 7072
13260 7072
13270 7072
13280 7072
13290 7072
13300 7072
13310 7072
13320 7072
13330 7072
13340 7072
13350 7072
13360 7072
13370 7072
13380 7072
13390 7072
13400 7072
13410 7072
13420 7072
13430 7072
13440 7072
13450 7072
13460 7072
13470 7072
13480 7072
13490 7072
13500 7072
13510 7072
13520 7072
13530 7072
13540 7072
13550 7072
13560 7072
13570 7072
13580 7072
13590 7072
13600 7072
13610 7072
13620 7072
13630 7072
13640 7072
13650 7072
13660 7072
13670 7072
13680 7072
13690 7072
13700 7072
13710 7072
13720 7072
13730 7072
13740 7072
13750 7072
13760 7072
13770 7072
13780 7072
13790 7072
13800 7072
13810 7072
13820 7072
13830 7072
13840 7072
13850 7072
13860 7072
13870 7072
13880 7072
13890 7072
13900 7072
13910 7072
13920 7072
13930 7072
13940 7072
13950 7072
13960 7072
13970 7072
13980 7072
13990 7072
14000 7072
14010 7072
14020 7072
14030 7072
14040 7072
14050 7072
14060 7072
14070 7072
14080 7072
14090 7072
14100 7072
14110 7072
14120 7072
14130 7072
14140 7072
14150 7072
14160 7072
14170 7072
14180 7072
14190 7072
14200 7072
14210 7072
14220 7072
14230 7072
14240 7072
14250 7072
14260 7072
14270 7072
14280 7072
14290 7072
14300 7072
14310 7072
14320 7072
14330 7072
14340 7072
14350 7072
14360 7072
14370 7072
14380 7072
14390 7072
14400 7072
14410 7072
14420 7072
14430 7072
14440 7072
14450 7072
14460 7072
14470 7072
14480 7072
14490 7072
14500 7072
14510 7072
14520 7072
14530 7072
14540 7072
14550 7072
14560 7072
14570 7072
14580 7072
14590 7072
14600 7072
14610 7072
14620 7072
14630 7072
14640 7072
14650 7072
14660 7072
14670 7072
14680 7072
14690 7072
14700 7072
14710 7072
14720 7072
14730 7072
14740 7072
14750 7072
14760 7072
14770 7072
14780 7072
14790 7072
14800 7072
14810 7072
14820 7072
14830 7072
14840 7072
14850 7072
14860 7072
14870 7072
14880 7072
14890 7072
14900 7072
14910 7072
14920 7072
14930 7072
14940 7072
14950 7072
14960 7072
14970 7072
14980 7072
14990 7072
15000 7072
15010 7072
15020 7072
15030 7072
15040 7072
15050 7072
15060 7072
15070 7072
15080 7072
15090 7072
15100 7072
15110 7072
15120 7072
15130 7072
15140 7072
15150 7072
15160 7072
15170 7072
15180 7072
15190 7072
15200 7072
15210 7072
15220 7072
15230 7072
15240 7072
15250 7072
15260 7072
15270 7072
15280 7072
15290 7072
15300 7072
15310 7072
15320 7072
15330 7072
15340 7072
15350 7072
15360 7072
15370 7072
15380 7072
15390 7072
15400 7072
15410 7072
15420 7072
15430 7072
15440 7072
15450 7072
15460 7072
15470 7072
15480 7072
15490 7072
15500 7072
15510 7072
15520 7072
15530 7072
15540 7072
15550 7072
15560 7072
15570 7072
15580 7072
15590 7072
15600 7072
15610 7072
15620 7072
15630 7072
15640 7072
15650 7072
15660 7072
15670 7072
15680 7072
15690 7072
15700 7072
15710 7072
15720 7072
15730 7072
15740 7072
15750 7072
15760 7072
15770 7072
15780 7072
15790 7072
15800 7072
15810 7072
15820 7072
15830 7072
15840 7072
15850 7072
15860 7072
15870 7072
15880 7072
15890 7072
15900 7072
15910 7072
15920 7072
15930 7072
15940 7072
15950 7072
15960 7072
15970 7072
15980 7072
15990 7072
16000 7072
16010 7072
16020 7072
16030 7072
16040 7072
16050 7072
16060 7072
16070 7072
16080 7072
16090 7072
16100 7072
16110 7072
16120 7072
16130 7072
16140 7072
16150 7072
16160 7072
16170 7072
16180 7072
16190 7072
16200 7072
16210 7072
16220 7072
16230 7072
16240 7072
16250 7072
16260 7072
16270 7072
16280 7072
16290 7072
16300 7072
16310 7072
16320 7072
16330 7072
16340 7072
16350 7072
16360 7072
16370 7072
16380 7072
16390 7072
16400 7072
16410 7072
16420 7072
16430 7072
16440 7072
16450 7072
16460 7072
16470 7072
16480 7072
16490 7072
16500 7072
16510 7072
16520 7072
16530 7072
16540 7072
16550 7072
16560 7072
16570 7072
16580 7072
16590 7072
16600 7072
16610 7072
16620 7072
16630 7072
16640 7072
16650 7072
16660 7072
16670 7072
16680 7072
16690 7072
16700 7072
16710 7072
16720 7072
16730 7072
16740 7072
16750 7072
16760 7072
16770 7072
16780 7072
16790 7072
16800 7072
16810 7072
16820 7072
16830 7072
16840 7072
16850 7072
16860 7072
16870 7072
16880 7072
16890 7072
16900 7072
16910 7072
16920 7072
16930 7072
16940 7072
16950 7072
16960 7072
16970 7072
16980 7072
16990 7072
17000 7072
17010 7072
17020 7072
17030 7072
17040 7072
17050 7072
17060 7072
17070 7072
17080 7072
17090 7072
17100 7072
17110 7072
17120 7072
17130 7072
17140 7072
17150 7072
17160 7072
17170 7072
17180 7072
17190 7072
17200 7072
17210 7072
17220 7072
17230 7072
17240 7072
17250 7072
17260 7072
17270 7072
17280 7072
17290 7072
17300 7072
17310 7072
17320 7072
17330 7072
17340 7072
17350 7072
17360 7072
17370 7072
17380 7072
17390 7072
17400 7072
17410 7072
17420 7072
17430 7072
17440 7072
17450 7072
17460 7072
17470 7072
17480 7072
17490 7072
17500 7072
17510 7072
17520 7072
17530 7072
17540 7072
17550 7072
17560 7072
17570 7072
17580 7072
17590 7072
17600 7072
17610 7072
17620 7072
17630 7072
17640 7072
17650 7072
17660 7072
17670 7072
17680 7072
17690 7072
17700 7072
17710 7072
17720 7072
17730 7072
17740 7072
17750 7072
17760 7072
17770 7072
17780 7072
17790 7072
17800 7072
17810 7072
17820 7072
17830 7072
17840 7072
17850 7072
17860 7072
17870 7072
17880 7072
17890 7072
17900 7072
17910 7072
17920 7072
17930 7072
17940 7072
17950 7072
17960 7072
17970 7072
17980 7072
17990 7072
18000 7072
18010 7072
18020 7072
18030 7072
18040 7072
18050 7072
18060 7072
18070 7072
18080 7072
18090 7072
18100 7072
18110 7072
18120 7072
18130 7072
18140 7072
18150 7072
18160 7072
18170 7072
18180 7072
18190 7072
18200 7072
18210 7072
18220 7072
18230 7072
18240 7072
18250 7072
18260 7072
18270 7072
18280 7072
18290 7072
18300 7072
18310 7072
18320 7072
18330 7072
18340 7072
18350 7072
18360 7072
18370 7072
18380 7072
18390 7072
18400 7072
18410 7072
18420 7072
18430 7072
18440 7072
18450 7072
18460 7072
18470 7072
18480 7072
18490 7072
18500 7072
18510 7072
18520 7072
18530 7072
18540 7072
18550 7072
18560 7072
18570 7072
18580 7072
18590 7072
18600 7072
18610 7072
18620 7072
18630 7072
18640 7072
18650 7072
18660 7072
18670 7072
18680 7072
18690 7072
18700 7072
18710 7072
18720 7072
18730 7072
18740 7072
18750 7072
18760 7072
18770 7072
18780 7072
18790 7072
18800 7072
18810 7072
18820 7072
18830 7072
18840 7072
18850 7072
18860 7072
18870 7072
18880 7072
18890 7072
18900 7072
18910 7072
18920 7072
18930 7072
18940 7072
18950 7072
18960 7072
18970 7072
18980 7072
18990 7072
19000 7072
19010 7072
19020 7072
19030 7072
19040 7072
19050 7072
19060 7072
19070 7072
19080 7072
19090 7072
19100 7072
19110 7072
19120 7072
19130 7072
19140 7072
19150 7072
19160 7072
19170 7072
19180 7072
19190 7072
19200 7072
19210 7072
19220 7072
19230 7072
19240 7072
19250 7072
19260 7072
19270 7072
19280 7072
19290 7072
19300 7072
19310 7072
19320 7072
19330 7072
19340 7072
19350 7072
19360 7072
19370 7072
19380 7072
19390 7072
19400 7072
19410 7072
19420 7072
19430 7072
19440 7072
19450 7072
19460 7072
19470 7072
19480 7072
19490 7072
19500 7072
19510 7072
19520 7072
19530 7072
19540 7072
19550 7072
19560 7072
19570 7072
19580 7072
19590 7072
19600 7072
19610 7072
19620 7072
19630 7072
19640 7072
19650 7072
19660 7072
19670 7072
19680 7072
19690 7072
19700 7072
19710 7072
19720 7072
19730 7072
19740 7072
19750 7072
19760 7072
19770 7072
19780 7072
19790 7072
19800 7072
19810 7072
19820 7072
19830 7072
19840 7072
19850 7072
19860 7072
19870 7072
19880 7072
19890 7072
19900 7072
19910 7072
19920 7072
19930 7072
19940 7072
19950 7072
19960 7072
19970 7072
19980 7072
19990 7072
20000 7072
20010 7072
20020 7072
20030 7072
20040 7072
20050 7072
20060 7072
20070 7072
20080 7072
20090 7072
20100 7072
20110 7072
20120 7072
20130 7072
20140 7072
20150 7072
20160 7072
20170 7072
20180 7072
20190 7072
20200 7072
20210 7072
20220 7072
20230 7072
20240 7072
20250 7072
20260 7072
20270 7072
20280 7072
20290 7072
20300 7072
20310 7072
20320 7072
20330 7072
20340 7072
20350 7072
20360 7072
20370 7072
20380 7072
20390 7072
20400 7072
20410 7072
20420 7072
20430 7072
20440 7072
20450 7072
20460 7072
20470 7072
20480 7072
20490 7072
20500 7072
20510 7072
20520 7072
20530 7072
20540 7072
20550 7072
20560 7072
20570 7072
20580 7072
20590 7072
20600 7072
20610 7072
20620 7072
20630 7072
20640 7072
20650 7072
20660 7072
20670 7072
20680 7072
20690 7072
20700 7072
20710 7072
20720 7072
20730 7072
20740 7072
20750 7072
20760 7072
20770 7072
20780 7072
20790 7072
20800 7072
20810 7072
20820 7072
20830 7072
20840 7072
20850 7072
20860 7072
20870 7072
20880 7072
20890 7072
20900 7072
20910 7072
20920 7072
20930 7072
20940 7072
20950 7072
20960 7072
20970 7072
20980 7072
20990 7072
21000 7072
21010 7072
21020 7072
21030 7072
21040 7072
21050 7072
21060 7072
21070 7072
21080 7072
21090 7072
21100 7072
21110 7072
21120 7072
21130 7072
21140 7072
21150 7072
21160 7072
21170 7072
21180 7072
21190 7072
21200 7072
21210 7072
21220 7072
21230 7072
21240 7072
21250 7072
21260 7072
21270 7072
21280 7072
21290 7072
21300 7072
21310 7072
21320 7072
21330 7072
21340 7072
21350 7072
21360 7072
21370 7072
21380 7072
21390 7072
21400 7072
21410 7072
21420 7072
21430 7072
21440 7072
21450 7072
21460 7072
21470 7072
21480 7072
21490 7072
21500 7072
21510 7072
21520 7072
21530 7072
21540 7072
21550 7072
21560 7072
21570 7072
21580 7072
21590 7072
21600 7072
21610 7072
21620 7072
21630 7072
21640 7072
21650 7072
21660 7072
21670 7072
21680 7072
21690 7072
21700 7072
21710 7072
21720 7072
21730 7072
21740 7072
21750 7072
21760 7072
21770 7072
21780 7072
21790 7072
21800 7072
21810 7072
21820 7072
21830 7072
21840 7072
21850 7072
21860 7072
21870 7072
21880 7072
21890 7072
21900 7072
21910 7072
21920 7072
21930 7072
21940 7072
21950 7072
21960 7072
21970 7072
21980 7072
21990 7072
22000 7072
22010 7072
22020 7072
22030 7072
22040 7072
22050 7072
22060 7072
22070 7072
22080 7072
22090 7072
22100 7072
22110 7072
22120 7072
22130 7072
22140 7072
22150 7072
22160 7072
22170 7072
22180 7072
22190 7072
22200 7072
22210 7072
22220 7072
22230 7072
22240 7072
22250 7072
22260 7072
22270 7072
22280 7072
22290 7072
22300 7072
22310 7072
22320 7072
22330 7072
22340 7072
22350 7072
22360 7072
22370 7072
22380 7072
22390 7072
22400 7072
22410 7072
22420 7072
22430 7072
22440 7072
22450 7072
22460 7072
22470 7072
22480 7072
22490 7072
22500 7072
22510 7072
22520 7072
22530 7072
22540 7072
22550 7072
22560 7072
22570 7072
22580 7072
22590 7072
22600 7072
22610 7072
22620 7072
22630 7072
22640 7072
22650 7072
22660 7072
22670 7072
22680 7072
22690 7072
22700 7072
22710 7072
22720 7072
22730 7072
22740 7072
22750 7072
22760 7072
22770 7072
22780 7072
22790 7072
22800 7072
22810 7072
22820 7072
22830 7072
22840 7072
22850 7072
22860 7072
22870 7072
22880 7072
22890 7072
22900 7072
22910 7072
22920 7072
22930 7072
22940 7072
22950 7072
22960 7072
22970 7072
22980 7072
22990 7072
23000 7072
23010 7072
23020 7072
23030 7072
23040 7072
23050 7072
23060 7072
23070 7072
23080 7072
23090 7072
23100 7072
23110 7072
23120 7072
23130 7072
23140 7072
23150 7072
23160 7072
23170 7072
23180 7072
23190 7072
23200 7072
23210 7072
23220 7072
23230 7072
23240 7072
23250 7072
23260 7072
23270 7072
23280 7072
23290 7072
23300 7072
23310 7072
23320 7072
23330 7072
23340 7072
23350 7072
23360 7072
23370 7072
23380 7072
23390 7072
23400 7072
23410 7072
23420 7072
23430 7072
23440 7072
23450 7072
23460 7072
23470 7072
23480 7072
23490 7072
23500 7072
23510 7072
23520 7072
23530 7072
23540 7072
23550 7072
23560 7072
23570 7072
23580 7072
23590 7072
23600 7072
23610 7072
23620 7072
23630 7072
23640 7072
23650 7072
23660 7072
23670 7072
23680 7072
23690 7072
23700 7072
23710 7072
23720 7072
23730 7072
23740 7072
23750 7072
23760 7072
23770 7072
23780 7072
23790 7072
23800 7072
23810 7072
23820 7072
23830 7072
23840 7072
23850 7072
23860 7072
23870 7072
23880 7072
23890 7072
23900 7072
23910 7072
23920 7072
23930 7072
23940 7072
23950 7072
23960 7072
23970 7072
23980 7072
23990 7072
24000 7072
24010 7072
24020 7072
24030 7072
24040 7072
24050 7072
24060 7072
24070 7072
24080 7072
24090 7072
24100 7072
24110 7072
24120 7072
24130 7072
24140 7072
24150 7072
24160 7072
24170 7072
24180 7072
24190 7072
24200 7072
24210 7072
24220 7072
24230 7072
24240 7072
24250 7072
24260 7072
24270 7072
24280 7072
24290 7072
24300 7072
24310 7072
24320 7072
24330 7072
24340 7072
24350 7072
24360 7072
24370 7072
24380 7072
24390 7072
24400 7072
24410 7072
24420 7072
24430 7072
24440 7072
24450 7072
24460 7072
24470 7072
24480 7072
24490 7072
24500 7072
24510 7072
24520 7072
24530 7072
24540 7072
24550 7072
24560 7072
24570 7072
24580 7072
24590 7072
24600 7072
24610 7072
24620 7072
24630 7072
24640 7072
24650 7072
24660 7072
24670 7072
24680 7072
24690 7072
24700 7072
24710 7072
24720 7072
24730 7072
24740 7072
24750 7072
24760 7072
24770 7072
24780 7072
24790 7072
24800 7072
24810 7072
24820 7072
24830 7072
24840 7072
24850 7072
24860 7072
24870 7072
24880 7072
24890 7072
24900 7072
24910 7072
24920 7072
24930 7072
24940 7072
24950 7072
24960 7072
24970 7072
24980 7072
24990 7072
