0 23843700
10 23843700
20 23781750
30 23753058
40 23753058
50 23753058
60 23753058
70 23753058
80 23753058
90 23745480
100 23745480
110 23745480
120 23745480
130 23745480
140 23745480
150 23745480
160 23745480
170 23745480
180 23745480
190 23745480
200 23745480
210 23745480
220 23745480
230 23745480
240 23745480
250 23745480
260 23745480
270 23745480
280 23745480
290 23745480
300 23738620
310 23738620
320 23738620
330 23738620
340 23738620
350 23695836
360 23695836
370 23695836
380 23695836
390 23681264
400 23681264
410 23681264
420 23681264
430 23681264
440 23681264
450 23681264
460 23681264
470 23681264
480 23681264
490 23681264
500 23681264
510 23681264
520 23681264
530 23681264
540 23681264
550 23681264
560 23681264
570 23681264
580 23681264
590 23681264
600 23681264
610 23681264
620 23681264
630 23681264
640 23681264
650 23681264
660 23681264
670 23676164
680 23676164
690 23676164
700 23676164
710 23676164
720 23676164
730 23676164
740 23676164
750 23676164
760 23676164
770 23676164
780 23676164
790 23664750
800 23664750
810 23664750
820 23664750
830 23664750
840 23664750
850 23664750
860 23664750
870 23664750
880 23664750
890 23664750
900 23664750
910 23664750
920 23664750
930 23664750
940 23664750
950 23664750
960 23664750
970 23570316
980 23570316
990 23570316
1000 23570316
1010 23570316
1020 23570316
1030 23570316
1040 23570316
1050 23570316
1060 23570316
1070 23570316
1080 23570316
1090 23570316
1100 23570316
1110 23570316
1120 23570316
1130 23570316
1140 23570316
1150 23570316
1160 23570316
1170 23570316
1180 23570316
1190 23570316
1200 23570316
1210 23570316
1220 23570316
1230 23570316
1240 23570316
1250 23570316
1260 23570316
1270 23570316
1280 23570316
1290 23570316
1300 23570316
1310 23570316
1320 23570316
1330 23570316
1340 23570316
1350 23570316
1360 23570316
1370 23570316
1380 23570316
1390 23570316
1400 23570316
1410 23570316
1420 23570316
1430 23570316
1440 23570316
1450 23570316
1460 23570316
1470 23570316
1480 23570316
1490 23570316
1500 23570316
1510 23570316
1520 23570316
1530 23570316
1540 23556218
1550 23556218
1560 23556218
1570 23556218
1580 23556218
1590 23556218
1600 23556218
1610 23556218
1620 23556218
1630 23556218
1640 23556218
1650 23556218
1660 23556218
1670 23556218
1680 23556218
1690 23556218
1700 23554552
1710 23554552
1720 23554552
1730 23554552
1740 23554552
1750 23554552
1760 23554552
1770 23546736
1780 23546736
1790 23546736
1800 23546736
1810 23546736
1820 23546736
1830 23546736
1840 23546736
1850 23546736
1860 23546736
1870 23546736
1880 23546736
1890 23509174
1900 23509174
1910 23509174
1920 23509174
1930 23509174
1940 23509174
1950 23509174
1960 23509174
1970 23509174
1980 23509174
1990 23509174
2000 23509174
2010 23509174
2020 23509174
2030 23509174
2040 23509174
2050 23509174
2060 23509174
2070 23509174
2080 23509174
2090 23509174
2100 23509174
2110 23509174
2120 23509174
2130 23509174
2140 23509174
2150 23509174
2160 23466168
2170 23466168
2180 23466168
2190 23466168
2200 23466168
2210 23466168
2220 23466168
2230 23466168
2240 23466168
2250 23466168
2260 23466168
2270 23466168
2280 23466168
2290 23466168
2300 23466168
2310 23466168
2320 23466168
2330 23466168
2340 23466168
2350 23466168
2360 23466168
2370 23466168
2380 23466168
2390 23466168
2400 23466168
2410 23466168
2420 23466168
2430 23466168
2440 23466168
2450 23466168
2460 23466168
2470 23466168
2480 23466168
2490 23466168
2500 23466168
2510 23466168
2520 23466168
2530 23466168
2540 23456540
2550 23456540
2560 23456540
2570 23456540
2580 23456540
2590 23456540
2600 23456540
2610 23456540
2620 23456540
2630 23456540
2640 23456540
2650 23456540
2660 23456540
2670 23456540
2680 23456540
2690 23456540
2700 23456540
2710 23456540
2720 23456540
2730 23456540
2740 23456540
2750 23456540
2760 23456540
2770 23446918
2780 23446918
2790 23446918
2800 23446918
2810 23446918
2820 23446918
2830 23446918
2840 23446918
2850 23446918
2860 23446918
2870 23446918
2880 23446918
2890 23446918
2900 23446918
2910 23446918
2920 23446918
2930 23446918
2940 23446918
2950 23446918
2960 23446918
2970 23446918
2980 23446918
2990 23446918
3000 23421840
3010 23421840
3020 23421840
3030 23421840
3040 23421840
3050 23421840
3060 23421840
3070 23421840
3080 23421840
3090 23421840
3100 23421840
3110 23421840
3120 23421840
3130 23421840
3140 23421840
3150 23421840
3160 23421840
3170 23421840
3180 23421840
3190 23421840
3200 23421840
3210 23421840
3220 23421840
3230 23421840
3240 23421840
3250 23421840
3260 23421840
3270 23421840
3280 23421840
3290 23421840
3300 23421840
3310 23421840
3320 23421840
3330 23421840
3340 23421840
3350 23421840
3360 23421840
3370 23421840
3380 23421840
3390 23421840
3400 23421840
3410 23421840
3420 23421840
3430 23421840
3440 23421840
3450 23421840
3460 23421840
3470 23421840
3480 23421840
3490 23421840
3500 23421840
3510 23421840
3520 23421840
3530 23413238
3540 23413238
3550 23413238
3560 23413238
3570 23413238
3580 23413238
3590 23413238
3600 23413238
3610 23413238
3620 23413238
3630 23413238
3640 23413238
3650 23413238
3660 23413238
3670 23413238
3680 23413238
3690 23413238
3700 23413238
3710 23413238
3720 23413238
3730 23413238
3740 23413238
3750 23413238
3760 23413238
3770 23413238
3780 23413238
3790 23413238
3800 23413238
3810 23413238
3820 23413238
3830 23413238
3840 23413238
3850 23413238
3860 23413238
3870 23380226
3880 23380226
3890 23380226
3900 23380226
3910 23380226
3920 23380226
3930 23380226
3940 23380226
3950 23380226
3960 23380226
3970 23380226
3980 23380226
3990 23380226
4000 23380226
4010 23380226
4020 23380226
4030 23380226
4040 23380226
4050 23380226
4060 23380226
4070 23380226
4080 23380226
4090 23380226
4100 23380226
4110 23380226
4120 23380226
4130 23380226
4140 23380226
4150 23380226
4160 23380226
4170 23380226
4180 23380226
4190 23380226
4200 23380226
4210 23380226
4220 23380226
4230 23380226
4240 23380226
4250 23380226
4260 23380226
4270 23380226
4280 23380226
4290 23380226
4300 23380226
4310 23380226
4320 23380226
4330 23380226
4340 23380226
4350 23380226
4360 23380226
4370 23380226
4380 23380226
4390 23380226
4400 23380226
4410 23380226
4420 23380226
4430 23380226
4440 23380226
4450 23380226
4460 23380226
4470 23380226
4480 23380226
4490 23380226
4500 23380226
4510 23380226
4520 23380226
4530 23380226
4540 23380226
4550 23380226
4560 23380226
4570 23380226
4580 23380226
4590 23380226
4600 23380226
4610 23380226
4620 23380226
4630 23380226
4640 23380226
4650 23380226
4660 23380226
4670 23380226
4680 23380226
4690 23380226
4700 23380226
4710 23380226
4720 23380226
4730 23380226
4740 23380226
4750 23380226
4760 23380226
4770 23380226
4780 23380226
4790 23380226
4800 23380226
4810 23380226
4820 23380226
4830 23380226
4840 23380226
4850 23380226
4860 23380226
4870 23374694
4880 23374694
4890 23374694
4900 23374694
4910 23374694
4920 23374694
4930 23374694
4940 23374694
4950 23374694
4960 23374694
4970 23374694
4980 23374694
4990 23374694
5000 23374694
5010 23366310
5020 23366310
5030 23366310
5040 23366310
5050 23366310
5060 23366310
5070 23366310
5080 23366310
5090 23366310
5100 23366310
5110 23366310
5120 23366310
5130 23366310
5140 23366310
5150 23366310
5160 23351950
5170 23351950
5180 23351950
5190 23351950
5200 23351950
5210 23351950
5220 23351950
5230 23351950
5240 23351950
5250 23351950
5260 23351950
5270 23351950
5280 23351950
5290 23351950
5300 23351950
5310 23351950
5320 23351950
5330 23351950
5340 23351950
5350 23351950
5360 23351950
5370 23351950
5380 23351950
5390 23351950
5400 23351950
5410 23351950
5420 23351950
5430 23351950
5440 23351950
5450 23351950
5460 23351950
5470 23351950
5480 23351950
5490 23351950
5500 23351950
5510 23351950
5520 23351950
5530 23351950
5540 23351950
5550 23351950
5560 23351950
5570 23351950
5580 23351950
5590 23351950
5600 23351950
5610 23351950
5620 23351950
5630 23351950
5640 23351950
5650 23351950
5660 23351950
5670 23351950
5680 23351950
5690 23351950
5700 23351950
5710 23351950
5720 23351950
5730 23351950
5740 23351950
5750 23351950
5760 23351950
5770 23351950
5780 23351950
5790 23351950
5800 23351950
5810 23351950
5820 23351950
5830 23351950
5840 23351950
5850 23351950
5860 23351950
5870 23351950
5880 23347436
5890 23347436
5900 23347436
5910 23347436
5920 23347436
5930 23313278
5940 23313278
5950 23313278
5960 23313278
5970 23313278
5980 23313278
5990 23313278
6000 23313278
6010 23313278
6020 23313278
6030 23313278
6040 23313278
6050 23313278
6060 23313278
6070 23313278
6080 23313278
6090 23313278
6100 23313278
6110 23313278
6120 23313278
6130 23313278
6140 23313278
6150 23313278
6160 23313278
6170 23313278
6180 23313278
6190 23313278
6200 23313278
6210 23313278
6220 23313278
6230 23313278
6240 23313278
6250 23313278
6260 23313278
6270 23313278
6280 23313278
6290 23313278
6300 23313278
6310 23313278
6320 23313278
6330 23313278
6340 23313278
6350 23313278
6360 23313278
6370 23313278
6380 23313278
6390 23313278
6400 23313278
6410 23313278
6420 23313278
6430 23313278
6440 23313278
6450 23313278
6460 23313278
6470 23313278
6480 23313278
6490 23313278
6500 23313278
6510 23313278
6520 23313278
6530 23313278
6540 23313278
6550 23313278
6560 23312042
6570 23312042
6580 23312042
6590 23312042
6600 23312042
6610 23312042
6620 23312042
6630 23312042
6640 23312042
6650 23312042
6660 23312042
6670 23312042
6680 23312042
6690 23312042
6700 23312042
6710 23312042
6720 23312042
6730 23312042
6740 23312042
6750 23312042
6760 23312042
6770 23312042
6780 23312042
6790 23312042
6800 23312042
6810 23312042
6820 23312042
6830 23312042
6840 23312042
6850 23312042
6860 23312042
6870 23312042
6880 23312042
6890 23312042
6900 23312042
6910 23312042
6920 23312042
6930 23312042
6940 23312042
6950 23312042
6960 23312042
6970 23312042
6980 23312042
6990 23312042
7000 23312042
7010 23312042
7020 23312042
7030 23312042
7040 23312042
7050 23312042
7060 23312042
7070 23312042
7080 23312042
7090 23312042
7100 23312042
7110 23312042
7120 23312042
7130 23312042
7140 23312042
7150 23312042
7160 23312042
7170 23312042
7180 23312042
7190 23312042
7200 23312042
7210 23312042
7220 23312042
7230 23312042
7240 23312042
7250 23312042
7260 23312042
7270 23312042
7280 23312042
7290 23312042
7300 23312042
7310 23312042
7320 23312042
7330 23312042
7340 23312042
7350 23312042
7360 23312042
7370 23312042
7380 23312042
7390 23312042
7400 23312042
7410 23312042
7420 23312042
7430 23312042
7440 23312042
7450 23312042
7460 23312042
7470 23312042
7480 23312042
7490 23312042
7500 23312042
7510 23312042
7520 23312042
7530 23312042
7540 23312042
7550 23312042
7560 23312042
7570 23312042
7580 23312042
7590 23312042
7600 23312042
7610 23312042
7620 23312042
7630 23312042
7640 23312042
7650 23312042
7660 23312042
7670 23312042
7680 23312042
7690 23312042
7700 23312042
7710 23312042
7720 23312042
7730 23312042
7740 23312042
7750 23312042
7760 23312042
7770 23312042
7780 23312042
7790 23312042
7800 23312042
7810 23305278
7820 23305278
7830 23305278
7840 23305278
7850 23305278
7860 23305278
7870 23305278
7880 23305278
7890 23305278
7900 23305278
7910 23305278
7920 23305278
7930 23305278
7940 23305278
7950 23305278
7960 23305278
7970 23305278
7980 23305278
7990 23305278
8000 23305278
8010 23305278
8020 23305278
8030 23305278
8040 23305278
8050 23305278
8060 23305278
8070 23305278
8080 23305278
8090 23305278
8100 23305278
8110 23305278
8120 23305278
8130 23305278
8140 23305278
8150 23305278
8160 23305278
8170 23305278
8180 23305278
8190 23305278
8200 23305278
8210 23305278
8220 23305278
8230 23305278
8240 23305278
8250 23305278
8260 23305278
8270 23305278
8280 23305278
8290 23305278
8300 23305278
8310 23305278
8320 23305278
8330 23305278
8340 23305278
8350 23305278
8360 23305278
8370 23305278
8380 23305278
8390 23305278
8400 23305278
8410 23305278
8420 23305278
8430 23305278
8440 23305278
8450 23305278
8460 23305278
8470 23305278
8480 23305278
8490 23305278
8500 23305278
8510 23305278
8520 23305278
8530 23305278
8540 23305278
8550 23305278
8560 23305278
8570 23305278
8580 23305278
8590 23305278
8600 23305278
8610 23305278
8620 23305278
8630 23305278
8640 23305278
8650 23305278
8660 23305278
8670 23305278
8680 23305278
8690 23305278
8700 23305278
8710 23305278
8720 23305278
8730 23305278
8740 23305278
8750 23305278
8760 23305278
8770 23305278
8780 23305278
8790 23305278
8800 23305278
8810 23305278
8820 23305278
8830 23305278
8840 23305278
8850 23305278
8860 23305278
8870 23305278
8880 23305278
8890 23305278
8900 23305278
8910 23305278
8920 23305278
8930 23305278
8940 23305278
8950 23305278
8960 23305278
8970 23305278
8980 23305278
8990 23305278
9000 23305278
9010 23305278
9020 23305278
9030 23305278
9040 23305278
9050 23305278
9060 23305278
9070 23305278
9080 23305278
9090 23305278
9100 23305278
9110 23305278
9120 23305278
9130 23305278
9140 23305278
9150 23305278
9160 23305278
9170 23305278
9180 23305278
9190 23305278
9200 23305278
9210 23305278
9220 23305278
9230 23305278
9240 23305278
9250 23305278
9260 23305278
9270 23305278
9280 23305278
9290 23305278
9300 23305278
9310 23305278
9320 23305278
9330 23305278
9340 23305278
9350 23305278
9360 23305278
9370 23305278
9380 23305278
9390 23253088
9400 23253088
9410 23253088
9420 23253088
9430 23253088
9440 23253088
9450 23253088
9460 23253088
9470 23253088
9480 23253088
9490 23253088
9500 23253088
9510 23253088
9520 23253088
9530 23253088
9540 23253088
9550 23253088
9560 23253088
9570 23253088
9580 23253088
9590 23253088
9600 23253088
9610 23253088
9620 23253088
9630 23253088
9640 23253088
9650 23253088
9660 23253088
9670 23253088
9680 23253088
9690 23253088
9700 23253088
9710 23253088
9720 23253088
9730 23253088
9740 23253088
9750 23253088
9760 23253088
9770 23253088
9780 23253088
9790 23253088
9800 23253088
9810 23253088
9820 23253088
9830 23253088
9840 23253088
9850 23253088
9860 23253088
9870 23253088
9880 23253088
9890 23253088
9900 23253088
9910 23253088
9920 23253088
9930 23253088
9940 23253088
9950 23253088
9960 23253088
9970 23253088
9980 23253088
9990 23253088
10000 23253088
10010 23253088
10020 23253088
10030 23253088
10040 23253088
10050 23253088
10060 23253088
10070 23253088
10080 23253088
10090 23253088
10100 23253088
10110 23253088
10120 23253088
10130 23253088
10140 23253088
10150 23253088
10160 23253088
10170 23253088
10180 23253088
10190 23253088
10200 23253088
10210 23253088
10220 23253088
10230 23253088
10240 23253088
10250 23253088
10260 23253088
10270 23253088
10280 23253088
10290 23253088
10300 23253088
10310 23253088
10320 23253088
10330 23253088
10340 23253088
10350 23253088
10360 23253088
10370 23253088
10380 23253088
10390 23253088
10400 23253088
10410 23253088
10420 23253088
10430 23253088
10440 23253088
10450 23253088
10460 23253088
10470 23253088
10480 23253088
10490 23253088
10500 23253088
10510 23253088
10520 23253088
10530 23253088
10540 23253088
10550 23253088
10560 23253088
10570 23253088
10580 23253088
10590 23253088
10600 23253088
10610 23253088
10620 23253088
10630 23253088
10640 23253088
10650 23253088
10660 23253088
10670 23253088
10680 23253088
10690 23253088
10700 23253088
10710 23253088
10720 23253088
10730 23253088
10740 23253088
10750 23253088
10760 23253088
10770 23253088
10780 23253088
10790 23253088
10800 23253088
10810 23253088
10820 23253088
10830 23253088
10840 23253088
10850 23253088
10860 23253088
10870 23253088
10880 23253088
10890 23253088
10900 23253088
10910 23253088
10920 23253088
10930 23253088
10940 23253088
10950 23253088
10960 23253088
10970 23253088
10980 23253088
10990 23253088
11000 23253088
11010 23253088
11020 23253088
11030 23253088
11040 23253088
11050 23253088
11060 23253088
11070 23253088
11080 23253088
11090 23253088
11100 23253088
11110 23253088
11120 23253088
11130 23253088
11140 23253088
11150 23253088
11160 23253088
11170 23253088
11180 23253088
11190 23253088
11200 23253088
11210 23253088
11220 23253088
11230 23253088
11240 23253088
11250 23253088
11260 23253088
11270 23253088
11280 23253088
11290 23253088
11300 23253088
11310 23253088
11320 23253088
11330 23253088
11340 23253088
11350 23253088
11360 23253088
11370 23253088
11380 23253088
11390 23253088
11400 23253088
11410 23253088
11420 23253088
11430 23253088
11440 23253088
11450 23253088
11460 23253088
11470 23253088
11480 23253088
11490 23253088
11500 23253088
11510 23253088
11520 23253088
11530 23253088
11540 23233174
11550 23233174
11560 23233174
11570 23233174
11580 23233174
11590 23233174
11600 23233174
11610 23233174
11620 23233174
11630 23233174
11640 23233174
11650 23233174
11660 23233174
11670 23233174
11680 23233174
11690 23233174
11700 23233174
11710 23233174
11720 23233174
11730 23233174
11740 23233174
11750 23233174
11760 23233174
11770 23233174
11780 23233174
11790 23233174
11800 23233174
11810 23233174
11820 23233174
11830 23233174
11840 23233174
11850 23233174
11860 23233174
11870 23233174
11880 23233174
11890 23233174
11900 23233174
11910 23233174
11920 23233174
11930 23233174
11940 23233174
11950 23233174
11960 23233174
11970 23233174
11980 23233174
11990 23233174
12000 23233174
12010 23233174
12020 23233174
12030 23233174
12040 23233174
12050 23233174
12060 23233174
12070 23233174
12080 23233174
12090 23197440
12100 23197440
12110 23197440
12120 23197440
12130 23197440
12140 23197440
12150 23197440
12160 23197440
12170 23197440
12180 23197440
12190 23197440
12200 23197440
12210 23197440
12220 23197440
12230 23197440
12240 23197440
12250 23197440
12260 23197440
12270 23197440
12280 23197440
12290 23197440
12300 23197440
12310 23197440
12320 23197440
12330 23197440
12340 23197440
12350 23197440
12360 23197440
12370 23197440
12380 23197440
12390 23197440
12400 23197440
12410 23197440
12420 23197440
12430 23197440
12440 23197440
12450 23197440
12460 23197440
12470 23197440
12480 23197440
12490 23197440
12500 23197440
12510 23197440
12520 23197440
12530 23197440
12540 23197440
12550 23197440
12560 23197440
12570 23197440
12580 23197440
12590 23197440
12600 23197440
12610 23197440
12620 23197440
12630 23197440
12640 23197440
12650 23197440
12660 23197440
12670 23197440
12680 23197440
12690 23197440
12700 23197440
12710 23197440
12720 23197440
12730 23197440
12740 23197440
12750 23197440
12760 23197440
12770 23197440
12780 23197440
12790 23197440
12800 23197440
12810 23197440
12820 23197440
12830 23197440
12840 23197440
12850 23197440
12860 23197440
12870 23197440
12880 23197440
12890 23197440
12900 23197440
12910 23197440
12920 23197440
12930 23197440
12940 23197440
12950 23197440
12960 23197440
12970 23197440
12980 23197440
12990 23197440
13000 23197440
13010 23197440
13020 23197440
13030 23197440
13040 23197440
13050 23197440
13060 23197440
13070 23197440
13080 23197440
13090 23197440
13100 23197440
13110 23197440
13120 23197440
13130 23197440
13140 23197440
13150 23197440
13160 23197440
13170 23197440
13180 23197440
13190 23197440
13200 23197440
13210 23197440
13220 23197440
13230 23197440
13240 23197440
13250 23197440
13260 23197440
13270 23197440
13280 23197440
13290 23197440
13300 23197440
13310 23197440
13320 23197440
13330 23197440
13340 23197440
13350 23197440
13360 23197440
13370 23197440
13380 23197440
13390 23197440
13400 23197440
13410 23197440
13420 23197440
13430 23197440
13440 23197440
13450 23197440
13460 23197440
13470 23197440
13480 23197440
13490 23197440
13500 23197440
13510 23197440
13520 23197440
13530 23197440
13540 23197440
13550 23197440
13560 23197440
13570 23197440
13580 23197440
13590 23197440
13600 23197440
13610 23197440
13620 23197440
13630 23197440
13640 23197440
13650 23197440
13660 23197440
13670 23197440
13680 23197440
13690 23197440
13700 23197440
13710 23197440
13720 23197440
13730 23197440
13740 23197440
13750 23197440
13760 23197440
13770 23197440
13780 23197440
13790 23197440
13800 23197440
13810 23197440
13820 23197440
13830 23197440
13840 23197440
13850 23197440
13860 23197440
13870 23197440
13880 23197440
13890 23197440
13900 23197440
13910 23197440
13920 23197440
13930 23197440
13940 23197440
13950 23197440
13960 23197440
13970 23197440
13980 23197440
13990 23197440
14000 23197440
14010 23197440
14020 23197440
14030 23197440
14040 23197440
14050 23197440
14060 23197440
14070 23197440
14080 23197440
14090 23197440
14100 23197440
14110 23197440
14120 23197440
14130 23197440
14140 23195922
14150 23195922
14160 23195922
14170 23195922
14180 23195922
14190 23195922
14200 23195922
14210 23195922
14220 23195922
14230 23195922
14240 23195922
14250 23195922
14260 23195922
14270 23195922
14280 23195922
14290 23195922
14300 23195922
14310 23195922
14320 23195922
14330 23195922
14340 23195922
14350 23195922
14360 23195922
14370 23195922
14380 23195922
14390 23195922
14400 23195922
14410 23195922
14420 23195922
14430 23195922
14440 23195922
14450 23195922
14460 23195922
14470 23195922
14480 23195922
14490 23195922
14500 23195922
14510 23195922
14520 23195922
14530 23195922
14540 23195922
14550 23195922
14560 23195922
14570 23195922
14580 23195922
14590 23195922
14600 23195922
14610 23195922
14620 23195922
14630 23195922
14640 23195922
14650 23195922
14660 23195922
14670 23195922
14680 23195922
14690 23195922
14700 23195922
14710 23195922
14720 23195922
14730 23195922
14740 23195922
14750 23195922
14760 23195922
14770 23195922
14780 23195922
14790 23195922
14800 23195922
14810 23195922
14820 23195922
14830 23195922
14840 23195922
14850 23195922
14860 23195922
14870 23195922
14880 23195922
14890 23195922
14900 23195922
14910 23195922
14920 23195922
14930 23195922
14940 23195922
14950 23195922
14960 23195922
14970 23195922
14980 23195922
14990 23195922
15000 23195922
15010 23195922
15020 23195922
15030 23195922
15040 23195922
15050 23195922
15060 23195922
15070 23195922
15080 23195922
15090 23195922
15100 23195922
15110 23195922
15120 23195922
15130 23195922
15140 23195922
15150 23195922
15160 23195922
15170 23195922
15180 23195922
15190 23195922
15200 23195922
15210 23195922
15220 23195922
15230 23195922
15240 23195922
15250 23195922
15260 23195922
15270 23195922
15280 23195922
15290 23195922
15300 23195922
15310 23195922
15320 23195922
15330 23195922
15340 23195922
15350 23195922
15360 23195922
15370 23195922
15380 23195922
15390 23195922
15400 23195922
15410 23195922
15420 23195922
15430 23195922
15440 23195922
15450 23195922
15460 23195922
15470 23195922
15480 23195922
15490 23195922
15500 23195922
15510 23195922
15520 23195922
15530 23195922
15540 23166302
15550 23166302
15560 23166302
15570 23166302
15580 23166302
15590 23166302
15600 23166302
15610 23166302
15620 23166302
15630 23166302
15640 23166302
15650 23166302
15660 23166302
15670 23166302
15680 23166302
15690 23166302
15700 23166302
15710 23166302
15720 23166302
15730 23166302
15740 23166302
15750 23166302
15760 23166302
15770 23166302
15780 23166302
15790 23166302
15800 23166302
15810 23166302
15820 23166302
15830 23166302
15840 23166302
15850 23166302
15860 23166302
15870 23166302
15880 23166302
15890 23166302
15900 23166302
15910 23166302
15920 23166302
15930 23166302
15940 23166302
15950 23166302
15960 23166302
15970 23166302
15980 23166302
15990 23166302
16000 23166302
16010 23166302
16020 23166302
16030 23166302
16040 23166302
16050 23166302
16060 23166302
16070 23166302
16080 23166302
16090 23166302
16100 23166302
16110 23166302
16120 23166302
16130 23166302
16140 23166302
16150 23166302
16160 23166302
16170 23166302
16180 23166302
16190 23166302
16200 23166302
16210 23166302
16220 23166302
16230 23166302
16240 23166302
16250 23166302
16260 23166302
16270 23166302
16280 23166302
16290 23166302
16300 23166302
16310 23166302
16320 23166302
16330 23166302
16340 23166302
16350 23166302
16360 23166302
16370 23166302
16380 23166302
16390 23166302
16400 23166302
16410 23166302
16420 23166302
16430 23166302
16440 23166302
16450 23166302
16460 23166302
16470 23166302
16480 23166302
16490 23166302
16500 23166302
16510 23166302
16520 23166302
16530 23166302
16540 23166302
16550 23166302
16560 23166302
16570 23166302
16580 23166302
16590 23166302
16600 23166302
16610 23166302
16620 23166302
16630 23166302
16640 23166302
16650 23166302
16660 23166302
16670 23166302
16680 23166302
16690 23166302
16700 23166302
16710 23166302
16720 23166302
16730 23166302
16740 23166302
16750 23166302
16760 23166302
16770 23166302
16780 23166302
16790 23166302
16800 23166302
16810 23166302
16820 23166302
16830 23166302
16840 23166302
16850 23166302
16860 23166302
16870 23166302
16880 23166302
16890 23166302
16900 23166302
16910 23166302
16920 23166302
16930 23166302
16940 23166302
16950 23166302
16960 23166302
16970 23166302
16980 23166302
16990 23166302
17000 23166302
17010 23166302
17020 23166302
17030 23166302
17040 23166302
17050 23166302
17060 23166302
17070 23166302
17080 23166302
17090 23166302
17100 23166302
17110 23166302
17120 23166302
17130 23166302
17140 23166302
17150 23166302
17160 23166302
17170 23166302
17180 23166302
17190 23166302
17200 23166302
17210 23166302
17220 23166302
17230 23166302
17240 23166302
17250 23166302
17260 23166302
17270 23166302
17280 23166302
17290 23166302
17300 23166302
17310 23166302
17320 23166302
17330 23166302
17340 23166302
17350 23166302
17360 23166302
17370 23166302
17380 23166302
17390 23166302
17400 23166302
17410 23166302
17420 23166302
17430 23166302
17440 23166302
17450 23166302
17460 23166302
17470 23166302
17480 23166302
17490 23166302
17500 23166302
17510 23166302
17520 23166302
17530 23166302
17540 23166302
17550 23166302
17560 23166302
17570 23166302
17580 23166302
17590 23166302
17600 23166302
17610 23166302
17620 23166302
17630 23166302
17640 23166302
17650 23166302
17660 23166302
17670 23166302
17680 23166302
17690 23166302
17700 23166302
17710 23166302
17720 23166302
17730 23166302
17740 23166302
17750 23166302
17760 23166302
17770 23166302
17780 23166302
17790 23166302
17800 23166302
17810 23166302
17820 23166302
17830 23166302
17840 23166302
17850 23166302
17860 23166302
17870 23166302
17880 23166302
17890 23166302
17900 23166302
17910 23166302
17920 23166302
17930 23166302
17940 23166302
17950 23166302
17960 23166302
17970 23166302
17980 23166302
17990 23166302
18000 23166302
18010 23166302
18020 23166302
18030 23166302
18040 23166302
18050 23166302
18060 23166302
18070 23166302
18080 23166302
18090 23166302
18100 23166302
18110 23166302
18120 23166302
18130 23166302
18140 23166302
18150 23166302
18160 23166302
18170 23166302
18180 23166302
18190 23166302
18200 23166302
18210 23166302
18220 23166302
18230 23166302
18240 23166302
18250 23166302
18260 23166302
18270 23166302
18280 23166302
18290 23166302
18300 23166302
18310 23166302
18320 23166302
18330 23166302
18340 23166302
18350 23166302
18360 23166302
18370 23166302
18380 23166302
18390 23166302
18400 23166302
18410 23166302
18420 23166302
18430 23166302
18440 23166302
18450 23166302
18460 23166302
18470 23166302
18480 23166302
18490 23166302
18500 23166302
18510 23166302
18520 23166302
18530 23166302
18540 23166302
18550 23166302
18560 23166302
18570 23166302
18580 23166302
18590 23166302
18600 23166302
18610 23166302
18620 23166302
18630 23166302
18640 23166302
18650 23166302
18660 23166302
18670 23166302
18680 23166302
18690 23166302
18700 23166302
18710 23166302
18720 23166302
18730 23166302
18740 23166302
18750 23166302
18760 23166302
18770 23166302
18780 23166302
18790 23166302
18800 23166302
18810 23166302
18820 23166302
18830 23166302
18840 23166302
18850 23132292
18860 23132292
18870 23132292
18880 23132292
18890 23132292
18900 23132292
18910 23132292
18920 23132292
18930 23132292
18940 23132292
18950 23132292
18960 23132292
18970 23132292
18980 23132292
18990 23132292
19000 23132292
19010 23132292
19020 23132292
19030 23129990
19040 23129990
19050 23129990
19060 23129990
19070 23129990
19080 23129990
19090 23129990
19100 23129990
19110 23129990
19120 23129990
19130 23129990
19140 23129990
19150 23129990
19160 23129990
19170 23129990
19180 23129990
19190 23129990
19200 23129990
19210 23129990
19220 23129990
19230 23129990
19240 23129990
19250 23129990
19260 23129990
19270 23129990
19280 23129990
19290 23129990
19300 23129990
19310 23129990
19320 23129990
19330 23129990
19340 23129990
19350 23129990
19360 23129990
19370 23129990
19380 23129990
19390 23129990
19400 23129990
19410 23129990
19420 23129990
19430 23129990
19440 23129990
19450 23129990
19460 23129990
19470 23129990
19480 23129990
19490 23129990
19500 23129990
19510 23129990
19520 23129990
19530 23129990
19540 23129990
19550 23129990
19560 23129990
19570 23129990
19580 23129990
19590 23129990
19600 23129990
19610 23129990
19620 23129990
19630 23129990
19640 23129990
19650 23129990
19660 23129990
19670 23129990
19680 23129990
19690 23129990
19700 23129990
19710 23129990
19720 23129990
19730 23129990
19740 23129990
19750 23129990
19760 23129990
19770 23129990
19780 23129990
19790 23129990
19800 23129990
19810 23129990
19820 23129990
19830 23129990
19840 23129990
19850 23129990
19860 23129990
19870 23129990
19880 23129990
19890 23129990
19900 23129990
19910 23129990
19920 23129990
19930 23129990
19940 23129990
19950 23129990
19960 23129990
19970 23129990
19980 23129990
19990 23129990
20000 23129990
20010 23129990
20020 23129990
20030 23129990
20040 23129990
20050 23129990
20060 23129990
20070 23129990
20080 23129990
20090 23129990
20100 23129990
20110 23129990
20120 23129990
20130 23129990
20140 23129990
20150 23129990
20160 23129990
20170 23129990
20180 23129990
20190 23129990
20200 23129990
20210 23129990
20220 23129990
20230 23129990
20240 23129990
20250 23129990
20260 23129990
20270 23129990
20280 23129990
20290 23129990
20300 23129990
20310 23129990
20320 23129990
20330 23129990
20340 23129990
20350 23129990
20360 23129990
20370 23129990
20380 23129990
20390 23129990
20400 23129990
20410 23129990
20420 23129990
20430 23129990
20440 23129990
20450 23058986
20460 23058986
20470 23058986
20480 23058986
20490 23058986
20500 23058986
20510 23058986
20520 23058986
20530 23058986
20540 23058986
20550 23058986
20560 23058986
20570 23058986
20580 23058986
20590 23058986
20600 23058986
20610 23058986
20620 23058986
20630 23058986
20640 23058986
20650 23058986
20660 23058986
20670 23058986
20680 23058986
20690 23058986
20700 23058986
20710 23058986
20720 23058986
20730 23058986
20740 23058986
20750 23058986
20760 23058986
20770 23058986
20780 23058986
20790 23058986
20800 23058986
20810 23058986
20820 23058986
20830 23058986
20840 23058986
20850 23058986
20860 23058986
20870 23058986
20880 23058986
20890 23058986
20900 23058986
20910 23058986
20920 23058986
20930 23058986
20940 23058986
20950 23058986
20960 23058986
20970 23058986
20980 23058986
20990 23058986
21000 23058986
21010 23058986
21020 23058986
21030 23058986
21040 23058986
21050 23058986
21060 23058986
21070 23058986
21080 23058986
21090 23058986
21100 23058986
21110 23058986
21120 23058986
21130 23058986
21140 23058986
21150 23058986
21160 23058986
21170 23058986
21180 23058986
21190 23058986
21200 23058986
21210 23058986
21220 23058986
21230 23058986
21240 23058986
21250 23058986
21260 23058986
21270 23058986
21280 23058986
21290 23058986
21300 23058986
21310 23058986
21320 23058986
21330 23058986
21340 23058986
21350 23058986
21360 23058986
21370 23058986
21380 23058986
21390 23058986
21400 23058986
21410 23058986
21420 23058986
21430 23058986
21440 23058986
21450 23058986
21460 23058986
21470 23058986
21480 23058986
21490 23058986
21500 23058986
21510 23058986
21520 23058986
21530 23058986
21540 23058986
21550 23058986
21560 23058986
21570 23058986
21580 23058986
21590 23058986
21600 23058986
21610 23058986
21620 23058986
21630 23058986
21640 23058986
21650 23058986
21660 23058986
21670 23058986
21680 23058986
21690 23058986
21700 23058986
21710 23058986
21720 23058986
21730 23058986
21740 23058986
21750 23058986
21760 23058986
21770 23058986
21780 23058986
21790 23058986
21800 23058986
21810 23058986
21820 23058986
21830 23058986
21840 23058986
21850 23058986
21860 23058986
21870 23058986
21880 23058986
21890 23058986
21900 23058986
21910 23058986
21920 23058986
21930 23058986
21940 23058986
21950 23058986
21960 23058986
21970 23058986
21980 23058986
21990 23058986
22000 23058986
22010 23058986
22020 23058986
22030 23058986
22040 23058986
22050 23058986
22060 23058986
22070 23058986
22080 23058986
22090 23058986
22100 23058986
22110 23058986
22120 23058986
22130 23058986
22140 23058986
22150 23058986
22160 23058986
22170 23058986
22180 23058986
22190 23058986
22200 23058986
22210 23058986
22220 23058986
22230 23058986
22240 23058986
22250 23058986
22260 23058986
22270 23058986
22280 23058986
22290 23058986
22300 23058986
22310 23058986
22320 23058986
22330 23058986
22340 23058986
22350 23058986
22360 23058986
22370 23058986
22380 23058986
22390 23058986
22400 23058986
22410 23058986
22420 23058986
22430 23058986
22440 23058986
22450 23058986
22460 23058986
22470 23058986
22480 23058986
22490 23058986
22500 23058986
22510 23058986
22520 23058986
22530 23058986
22540 23058986
22550 23058986
22560 23058986
22570 23058986
22580 23058986
22590 23058986
22600 23058986
22610 23058986
22620 23058986
22630 23058986
22640 23058986
22650 23058986
22660 23058986
22670 23058986
22680 23058986
22690 23058986
22700 23058986
22710 23058986
22720 23058986
22730 23058986
22740 23058986
22750 23058986
22760 23058986
22770 23058986
22780 23058986
22790 23058986
22800 23058986
22810 23058986
22820 23058986
22830 23058986
22840 23058986
22850 23058986
22860 23058986
22870 23058986
22880 23058986
22890 23058986
22900 23058986
22910 23058986
22920 23058986
22930 23058986
22940 23058986
22950 23058986
22960 23058986
22970 23058986
22980 23058986
22990 23058986
23000 23058986
23010 23058986
23020 23058986
23030 23058986
23040 23058986
23050 23058986
23060 23058986
23070 23058986
23080 23058986
23090 23058986
23100 23058986
23110 23058986
23120 23058986
23130 23058986
23140 23058986
23150 23058986
23160 23058986
23170 23058986
23180 23058986
23190 23058986
23200 23058986
23210 23058986
23220 23058986
23230 23058986
23240 23058986
23250 23058986
23260 23058986
23270 23058986
23280 23058986
23290 23058986
23300 23058986
23310 23058986
23320 23058986
23330 23058986
23340 23058986
23350 23058986
23360 23058986
23370 23058986
23380 23058986
23390 23058986
23400 23058986
23410 23058986
23420 23058986
23430 23058986
23440 23058986
23450 23058986
23460 23058986
23470 23058986
23480 23058986
23490 23058986
23500 23058986
23510 23058986
23520 23058986
23530 23058986
23540 23058986
23550 23058986
23560 23058986
23570 23058986
23580 23058986
23590 23058986
23600 23058986
23610 23058986
23620 23058986
23630 23058986
23640 23058986
23650 23058986
23660 23058986
23670 23058986
23680 23058986
23690 23058986
23700 23058986
23710 23058986
23720 23058986
23730 23058986
23740 23058986
23750 23058986
23760 23058986
23770 23058986
23780 23058986
23790 23058986
23800 23058986
23810 23058986
23820 23058986
23830 23058986
23840 23058986
23850 23058986
23860 23058986
23870 23058986
23880 23058986
23890 23058986
23900 23058986
23910 23058986
23920 23058986
23930 23058986
23940 23058986
23950 23058986
23960 23058986
23970 23058986
23980 23058986
23990 23058986
24000 23058986
24010 23058986
24020 23058986
24030 23058986
24040 23058986
24050 23058986
24060 23058986
24070 23058986
24080 23058986
24090 23058986
24100 23058986
24110 23058986
24120 23058986
24130 23058986
24140 23058986
24150 23058986
24160 23058986
24170 23058986
24180 23058986
24190 23058986
24200 23058986
24210 23058986
24220 23058986
24230 23058986
24240 23058986
24250 23058986
24260 23058986
24270 23058986
24280 23058986
24290 23058986
24300 23058986
24310 23058986
24320 23058986
24330 23058986
24340 23058986
24350 23058986
24360 23058986
24370 23058986
24380 23058986
24390 23058986
24400 23058986
24410 23058986
24420 23058986
24430 23058986
24440 23058986
24450 23058986
24460 23058986
24470 23058986
24480 23058986
24490 23058986
24500 23058986
24510 23058986
24520 23058986
24530 23058986
24540 23058986
24550 23058986
24560 23058986
24570 23058986
24580 23058986
24590 23058986
24600 23058986
24610 23058986
24620 23058986
24630 23058986
24640 23058986
24650 23058986
24660 23058986
24670 23058986
24680 23058986
24690 23058986
24700 23058986
24710 23058986
24720 23058986
24730 23058986
24740 23058986
24750 23058986
24760 23058986
24770 23058986
24780 23058986
24790 23058986
24800 23058986
24810 23058986
24820 23058986
24830 23058986
24840 23058986
24850 23058986
24860 23058986
24870 23058986
24880 23058986
24890 23058986
24900 23058986
24910 23058986
24920 23058986
24930 23058986
24940 23058986
24950 23058986
24960 23058986
24970 23058986
24980 23058986
24990 23058986
